frame,latency_ms,cpu_avg,cpu_max,freq_avg,ram_used,temp_max,throttle_count
0,954.99,93.61,100.00,2400.00,1.3414,58.20,0
1,977.80,96.33,100.00,2400.00,1.3374,58.20,0
2,975.33,95.98,100.00,2400.00,1.3304,58.70,0
3,984.28,97.57,100.00,2400.00,1.3253,58.70,0
4,976.45,97.11,100.00,2400.00,1.3157,58.70,0
5,985.90,95.07,100.00,2400.00,1.3122,58.70,0
6,978.44,95.29,100.00,2400.00,1.3048,58.70,0
7,995.11,96.02,100.00,2400.00,1.3024,59.80,0
8,957.02,96.82,100.00,2400.00,1.296,60.40,0
9,938.74,96.96,100.00,2400.00,1.2948,60.40,0
10,911.63,97.59,100.00,2400.00,1.2894,60.90,0
11,949.21,95.67,100.00,2400.00,1.2897,60.40,0
12,926.70,96.76,100.00,2400.00,1.288,60.40,0
13,980.69,96.41,100.00,2400.00,1.288,59.80,0
14,974.63,96.66,100.00,2400.00,1.2869,60.40,0
15,975.68,95.68,100.00,2400.00,1.2868,60.90,0
16,1001.43,95.98,100.00,2400.00,1.2838,60.40,0
17,941.21,96.25,100.00,2400.00,1.2832,60.90,0
18,971.08,96.43,100.00,2400.00,1.2826,60.40,0
19,1066.34,95.51,100.00,2400.00,1.2829,60.40,0
20,1127.82,93.88,100.00,2400.00,1.2823,60.40,0
21,1051.29,93.46,100.00,2400.00,1.2821,60.40,0
22,1068.03,93.11,100.00,2400.00,1.2793,60.90,0
23,1010.14,94.29,100.00,2400.00,1.2803,60.90,0
24,951.10,96.42,100.00,2400.00,1.2786,60.90,0
25,1004.71,93.88,100.00,2400.00,1.2795,60.90,0
26,962.63,96.73,100.00,2400.00,1.2796,61.50,0
27,972.28,95.89,100.00,2400.00,1.2795,60.90,0
28,973.08,94.79,100.00,2400.00,1.2781,60.90,0
29,1195.77,91.32,100.00,2400.00,1.2795,60.90,0
30,974.00,97.01,100.00,2400.00,1.2782,60.90,0
31,1179.17,91.53,100.00,2400.00,1.279,60.90,0
32,1004.06,96.07,100.00,2400.00,1.277,60.90,0
33,956.81,96.31,100.00,2400.00,1.2782,62.00,0
34,938.65,95.33,100.00,2400.00,1.2794,61.50,0
35,948.53,97.81,100.00,2400.00,1.2803,61.50,0
36,940.65,96.11,100.00,2400.00,1.2796,62.00,0
37,949.17,94.82,100.00,2400.00,1.2794,62.00,0
38,949.12,96.42,100.00,2400.00,1.2801,62.00,0
39,966.48,95.99,100.00,2400.00,1.2799,62.00,0
40,962.75,95.83,100.00,2400.00,1.2787,62.60,0
41,1009.90,97.47,100.00,2400.00,1.2788,62.00,0
42,960.09,95.46,100.00,2400.00,1.2774,62.00,0
43,1006.82,96.29,100.00,2400.00,1.2788,61.50,0
44,975.65,96.65,100.00,2400.00,1.2783,62.60,0
45,971.65,96.11,100.00,2400.00,1.2784,62.00,0
46,977.59,96.33,100.00,2400.00,1.2784,62.00,0
47,945.16,94.97,100.00,2400.00,1.2789,61.50,0
48,957.51,96.54,100.00,2400.00,1.2789,62.60,0
49,947.29,94.43,100.00,2400.00,1.2796,62.00,0
50,952.78,97.32,100.00,2400.00,1.2792,62.00,0
51,956.05,96.14,100.00,2400.00,1.28,62.00,0
52,996.59,95.03,100.00,2400.00,1.2786,62.60,0
53,1001.26,96.88,100.00,2400.00,1.2792,62.00,0
54,990.01,96.34,100.00,2400.00,1.2776,62.00,0
55,966.45,96.61,100.00,2400.00,1.2774,62.60,0
56,949.82,97.02,100.00,2400.00,1.2778,62.60,0
57,947.36,96.69,100.00,2400.00,1.2784,62.60,0
58,950.96,95.40,100.00,2400.00,1.2776,62.60,0
59,943.05,97.00,100.00,2400.00,1.2782,62.60,0
60,931.15,96.15,100.00,2400.00,1.2773,63.10,0
61,955.56,95.31,100.00,2400.00,1.2781,63.10,0
62,947.94,96.01,100.00,2400.00,1.2777,62.60,0
63,968.00,95.92,100.00,2400.00,1.278,62.60,0
64,971.06,95.80,100.00,2400.00,1.2772,63.10,0
65,971.71,97.01,100.00,2400.00,1.2784,63.10,0
66,965.31,96.21,100.00,2400.00,1.2788,63.10,0
67,950.63,96.21,100.00,2400.00,1.2798,63.10,0
68,970.86,95.98,100.00,2400.00,1.2786,63.10,0
69,950.91,96.45,100.00,2400.00,1.2787,63.10,0
70,950.27,94.00,100.00,2400.00,1.2789,63.70,0
71,952.15,96.30,100.00,2400.00,1.2793,63.10,0
72,987.92,96.05,100.00,2400.00,1.2769,63.10,0
73,962.87,97.52,100.00,2400.00,1.2766,63.10,0
74,976.29,96.54,100.00,2400.00,1.2758,63.10,0
75,967.78,96.74,100.00,2400.00,1.2764,63.70,0
76,964.52,96.72,100.00,2400.00,1.2753,63.10,0
77,974.44,96.95,100.00,2400.00,1.275,63.10,0
78,1004.51,95.34,100.00,2400.00,1.2751,63.10,0
79,986.67,96.37,100.00,2400.00,1.2761,63.10,0
80,1004.70,97.41,100.00,2400.00,1.277,63.70,0
81,944.82,96.73,100.00,2400.00,1.2774,63.10,0
82,971.09,96.24,100.00,2400.00,1.2761,63.10,0
83,978.18,96.61,100.00,2400.00,1.2768,63.70,0
84,989.58,95.63,100.00,2400.00,1.2753,63.70,0
85,934.81,96.05,100.00,2400.00,1.276,63.10,0
86,967.25,96.90,100.00,2400.00,1.2762,63.70,0
87,943.10,96.11,100.00,2400.00,1.2768,63.70,0
88,963.72,96.39,100.00,2400.00,1.2761,63.70,0
89,973.67,96.82,100.00,2400.00,1.2769,64.20,0
90,954.07,95.58,100.00,2400.00,1.2771,64.20,0
91,954.83,96.53,100.00,2400.00,1.2775,64.20,0
92,943.35,97.43,100.00,2400.00,1.2764,63.70,0
93,978.30,96.81,100.00,2400.00,1.2762,63.70,0
94,956.36,94.93,100.00,2400.00,1.2769,65.30,0
95,982.48,96.90,100.00,2400.00,1.2771,64.20,0
96,987.43,95.88,100.00,2400.00,1.276,64.20,0
97,972.34,97.31,100.00,2400.00,1.2768,63.70,0
98,923.90,95.22,100.00,2400.00,1.2768,64.20,0
99,960.51,95.88,100.00,2400.00,1.278,63.70,0
100,950.16,96.12,100.00,2400.00,1.2776,64.80,0
101,977.72,96.38,100.00,2400.00,1.2781,63.70,0
102,993.26,96.58,100.00,2400.00,1.2776,63.70,0
103,1003.78,96.13,100.00,2400.00,1.2781,63.70,0
104,980.01,96.37,100.00,2400.00,1.2781,63.70,0
105,983.53,96.36,100.00,2400.00,1.278,64.20,0
106,966.25,96.21,100.00,2400.00,1.2778,64.20,0
107,993.30,96.41,100.00,2400.00,1.2773,64.80,0
108,963.92,97.00,100.00,2400.00,1.2775,63.70,0
109,956.47,96.28,100.00,2400.00,1.2784,64.20,0
110,925.67,96.77,100.00,2400.00,1.2771,64.20,0
111,963.34,96.78,100.00,2400.00,1.2779,64.80,0
112,957.10,97.20,100.00,2400.00,1.2777,64.20,0
113,972.66,96.25,100.00,2400.00,1.2774,64.20,0
114,938.33,96.68,100.00,2400.00,1.2767,65.30,0
115,953.37,96.47,100.00,2400.00,1.2765,64.20,0
116,945.43,97.28,100.00,2400.00,1.2754,64.80,0
117,929.46,95.35,100.00,2400.00,1.2771,64.20,0
118,954.08,95.75,100.00,2400.00,1.2757,64.20,0
119,922.89,95.73,100.00,2400.00,1.2771,64.80,0
120,956.99,95.63,100.00,2400.00,1.2791,65.30,0
121,976.04,96.49,100.00,2400.00,1.2797,64.20,0
122,988.97,95.56,100.00,2400.00,1.2774,64.80,0
123,962.69,95.94,100.00,2400.00,1.2777,64.20,0
124,972.63,96.40,100.00,2400.00,1.2768,64.20,0
125,967.58,97.01,100.00,2400.00,1.277,64.80,0
126,934.99,97.04,100.00,2400.00,1.2765,64.20,0
127,989.95,98.27,100.00,2400.00,1.2751,64.80,0
128,962.17,95.31,100.00,2400.00,1.2757,64.20,0
129,965.60,95.37,100.00,2400.00,1.2766,64.80,0
130,977.84,97.24,100.00,2400.00,1.2772,64.80,0
131,987.59,94.64,100.00,2400.00,1.2746,64.80,0
132,999.18,94.40,100.00,2400.00,1.2761,64.20,0
133,965.90,97.66,100.00,2400.00,1.2775,64.20,0
134,1000.47,97.06,100.00,2400.00,1.2776,64.20,0
135,956.50,96.91,100.00,2400.00,1.2778,65.30,0
136,965.89,96.36,100.00,2400.00,1.2766,65.30,0
137,953.68,96.80,100.00,2400.00,1.2769,64.80,0
138,955.89,97.24,100.00,2400.00,1.2762,64.80,0
139,990.88,95.91,100.00,2400.00,1.2767,65.30,0
140,985.83,95.76,100.00,2400.00,1.2776,64.80,0
141,973.46,96.50,100.00,2400.00,1.2772,65.30,0
142,976.06,96.02,100.00,2400.00,1.2775,65.30,0
143,977.28,96.21,100.00,2400.00,1.2784,64.80,0
144,988.09,96.43,100.00,2400.00,1.2777,64.80,0
145,996.98,96.07,100.00,2400.00,1.2775,64.80,0
146,948.09,96.25,100.00,2400.00,1.2761,65.30,0
147,927.21,96.93,100.00,2400.00,1.2759,65.30,0
148,948.53,97.37,100.00,2400.00,1.2748,64.80,0
149,950.22,94.18,100.00,2400.00,1.276,64.80,0
150,984.89,97.32,100.00,2400.00,1.2773,64.80,0
151,944.28,95.95,100.00,2400.00,1.2781,65.30,0
152,973.78,95.33,100.00,2400.00,1.276,64.80,0
153,977.80,96.10,100.00,2400.00,1.2765,64.80,0
154,967.61,98.00,100.00,2400.00,1.2759,64.80,0
155,968.39,96.86,100.00,2400.00,1.2763,64.80,0
156,949.46,95.42,100.00,2400.00,1.2756,65.30,0
157,959.24,96.56,100.00,2400.00,1.2758,65.30,0
158,970.90,96.58,100.00,2400.00,1.2767,65.30,0
159,971.94,95.84,100.00,2400.00,1.2776,64.80,0
160,970.76,96.11,100.00,2400.00,1.2758,65.30,0
161,942.61,96.28,100.00,2400.00,1.2767,65.30,0
162,980.15,96.34,100.00,2400.00,1.2743,65.30,0
163,967.70,96.80,100.00,2400.00,1.2749,65.30,0
164,972.45,94.64,100.00,2400.00,1.276,65.30,0
165,994.34,96.11,100.00,2400.00,1.2766,64.80,0
166,953.70,96.03,100.00,2400.00,1.2764,65.30,0
167,981.92,94.62,100.00,2400.00,1.2765,65.30,0
168,950.02,94.96,100.00,2400.00,1.276,65.30,0
169,988.81,96.60,100.00,2400.00,1.2759,65.30,0
170,936.20,97.34,100.00,2400.00,1.2764,65.30,0
171,933.19,95.69,100.00,2400.00,1.2765,65.30,0
172,955.16,96.26,100.00,2400.00,1.276,65.30,0
173,959.09,96.11,100.00,2400.00,1.2759,65.90,0
174,976.84,96.08,100.00,2400.00,1.2769,65.90,0
175,951.87,96.38,100.00,2400.00,1.2778,65.30,0
176,977.75,96.77,100.00,2400.00,1.2773,65.30,0
177,990.75,96.34,100.00,2400.00,1.278,65.90,0
178,960.06,96.10,100.00,2400.00,1.2787,65.30,0
179,963.44,96.37,100.00,2400.00,1.2778,65.30,0
180,982.94,97.51,100.00,2400.00,1.2777,65.30,0
181,983.54,97.33,100.00,2400.00,1.2778,65.90,0
182,1003.00,97.46,100.00,2400.00,1.2769,65.30,0
183,959.73,96.63,100.00,2400.00,1.2769,65.90,0
184,982.47,96.51,100.00,2400.00,1.2756,67.00,0
185,947.50,97.45,100.00,2400.00,1.2771,65.30,0
186,954.43,97.46,100.00,2400.00,1.2808,65.30,0
187,938.82,96.23,100.00,2400.00,1.2799,65.90,0
188,966.87,94.81,100.00,2400.00,1.2802,65.90,0
189,974.77,94.98,100.00,2400.00,1.279,65.90,0
190,965.86,96.70,100.00,2400.00,1.2773,65.30,0
191,973.87,94.64,100.00,2400.00,1.2774,65.90,0
192,983.59,96.78,100.00,2400.00,1.2761,65.30,0
193,970.53,95.68,100.00,2400.00,1.2766,65.30,0
194,978.91,96.17,100.00,2400.00,1.2755,65.30,0
195,966.94,94.51,100.00,2400.00,1.2765,65.90,0
196,969.32,96.63,100.00,2400.00,1.2766,65.90,0
197,982.69,96.30,100.00,2400.00,1.2771,65.90,0
198,984.17,95.29,100.00,2400.00,1.277,66.40,0
199,978.91,96.60,100.00,2400.00,1.2768,65.30,0
200,995.00,95.84,100.00,2400.00,1.2755,65.30,0
201,1011.21,94.64,100.00,2400.00,1.2751,65.90,0
202,968.75,96.48,100.00,2400.00,1.2759,65.90,0
203,962.59,97.61,100.00,2400.00,1.2769,67.00,0
204,953.26,97.22,100.00,2400.00,1.2753,66.40,0
205,947.75,95.64,100.00,2400.00,1.2767,65.90,0
206,950.60,95.53,100.00,2400.00,1.2757,65.90,0
207,951.34,96.40,100.00,2400.00,1.2758,65.30,0
208,995.99,94.86,100.00,2400.00,1.2755,65.90,0
209,946.98,96.44,100.00,2400.00,1.2762,65.90,0
210,947.06,97.19,100.00,2400.00,1.2759,65.90,0
211,997.89,95.30,100.00,2400.00,1.2765,65.90,0
212,965.85,93.51,100.00,2400.00,1.2768,65.90,0
213,978.97,96.19,100.00,2400.00,1.2759,65.30,0
214,965.71,98.38,100.00,2400.00,1.2761,66.40,0
215,954.51,97.09,100.00,2400.00,1.2765,66.40,0
216,947.67,96.77,100.00,2400.00,1.2747,66.40,0
217,973.66,95.84,100.00,2400.00,1.2745,65.30,0
218,964.34,95.84,100.00,2400.00,1.2754,65.90,0
219,958.26,96.94,100.00,2400.00,1.2761,65.90,0
220,915.54,96.28,100.00,2400.00,1.2747,65.90,0
221,956.20,96.79,100.00,2400.00,1.2751,66.40,0
222,980.87,96.64,100.00,2400.00,1.2774,65.90,0
223,974.24,96.73,100.00,2400.00,1.2773,66.40,0
224,961.51,96.14,100.00,2400.00,1.2764,66.40,0
225,955.16,96.55,100.00,2400.00,1.2766,66.40,0
226,949.98,95.51,100.00,2400.00,1.2783,65.90,0
227,931.48,96.30,100.00,2400.00,1.2783,65.90,0
228,973.21,98.10,100.00,2400.00,1.2765,66.40,0
229,974.43,96.65,100.00,2400.00,1.2757,66.40,0
230,961.55,95.75,100.00,2400.00,1.2757,65.90,0
231,954.09,96.90,100.00,2400.00,1.2764,67.00,0
232,1005.66,95.22,100.00,2400.00,1.2765,65.90,0
233,992.30,94.98,100.00,2400.00,1.2772,65.90,0
234,994.63,96.91,100.00,2400.00,1.2751,65.90,0
235,946.58,96.48,100.00,2400.00,1.277,66.40,0
236,1016.45,95.87,100.00,2400.00,1.2755,66.40,0
237,982.79,96.12,100.00,2400.00,1.2766,65.90,0
238,1010.56,96.53,100.00,2400.00,1.2763,65.90,0
239,950.53,95.79,100.00,2400.00,1.2771,65.90,0
240,975.53,97.04,100.00,2400.00,1.2757,65.90,0
241,968.52,95.86,100.00,2400.00,1.277,65.90,0
242,954.89,98.08,100.00,2400.00,1.2771,66.40,0
243,936.83,96.16,100.00,2400.00,1.2769,65.90,0
244,945.11,97.49,100.00,2400.00,1.2763,66.40,0
245,957.74,95.83,100.00,2400.00,1.2773,66.40,0
246,937.26,96.85,100.00,2400.00,1.2757,66.40,0
247,979.73,95.41,100.00,2400.00,1.2761,65.90,0
248,1004.02,96.34,100.00,2400.00,1.2771,67.00,0
249,954.18,95.73,100.00,2400.00,1.2761,65.90,0
250,1000.34,95.12,100.00,2400.00,1.2752,67.00,0
251,933.44,95.98,100.00,2400.00,1.2759,65.90,0
252,963.25,95.80,100.00,2400.00,1.2754,67.00,0
253,993.78,95.07,100.00,2400.00,1.2769,66.40,0
254,972.16,95.52,100.00,2400.00,1.2759,65.90,0
255,984.39,95.64,100.00,2400.00,1.2764,66.40,0
256,981.24,94.83,100.00,2400.00,1.2751,67.00,0
257,1001.79,95.36,100.00,2400.00,1.2757,66.40,0
258,984.95,96.39,100.00,2400.00,1.2775,65.90,0
259,980.27,96.38,100.00,2400.00,1.2773,65.90,0
260,1000.54,96.47,100.00,2400.00,1.2769,66.40,0
261,928.23,95.57,100.00,2400.00,1.277,66.40,0
262,960.69,96.99,100.00,2400.00,1.2762,66.40,0
263,975.75,95.15,100.00,2400.00,1.2766,65.90,0
264,949.96,96.50,100.00,2400.00,1.2778,66.40,0
265,953.89,95.88,100.00,2400.00,1.2779,65.90,0
266,974.09,94.98,100.00,2400.00,1.2767,67.00,0
267,996.15,95.42,100.00,2400.00,1.2767,66.40,0
268,997.39,95.73,100.00,2400.00,1.2763,66.40,0
269,951.51,95.03,100.00,2400.00,1.2772,67.50,0
270,984.19,96.66,100.00,2400.00,1.2769,67.00,0
271,961.67,95.97,100.00,2400.00,1.2779,65.90,0
272,943.55,96.24,100.00,2400.00,1.2769,66.40,0
273,997.67,97.01,100.00,2400.00,1.2766,65.90,0
274,948.98,97.23,100.00,2400.00,1.2772,66.40,0
275,1008.41,96.57,100.00,2400.00,1.2776,66.40,0
276,991.18,97.33,100.00,2400.00,1.2754,67.00,0
277,980.92,94.77,100.00,2400.00,1.2758,66.40,0
278,1000.93,96.84,100.00,2400.00,1.2756,65.90,0
279,968.79,97.52,100.00,2400.00,1.2759,66.40,0
280,951.42,96.92,100.00,2400.00,1.2752,66.40,0
281,915.59,97.65,100.00,2400.00,1.2756,67.50,0
282,962.09,96.63,100.00,2400.00,1.2761,67.50,0
283,960.12,97.47,100.00,2400.00,1.276,67.00,0
284,971.43,95.27,100.00,2400.00,1.2744,66.40,0
285,983.52,96.16,100.00,2400.00,1.2748,67.00,0
286,978.12,95.74,100.00,2400.00,1.2755,66.40,0
287,999.27,95.56,100.00,2400.00,1.2759,66.40,0
288,969.51,96.81,100.00,2400.00,1.2744,66.40,0
289,1001.59,96.65,100.00,2400.00,1.2751,67.00,0
290,930.25,96.92,100.00,2400.00,1.2763,67.00,0
291,968.63,96.16,100.00,2400.00,1.2765,66.40,0
292,974.80,95.89,100.00,2400.00,1.2763,67.00,0
293,940.76,96.43,100.00,2400.00,1.2763,67.00,0
294,939.07,96.11,100.00,2400.00,1.2775,67.00,0
295,988.40,96.22,100.00,2400.00,1.277,67.00,0
296,944.50,96.79,100.00,2400.00,1.2749,67.00,0
297,944.48,96.76,100.00,2400.00,1.2754,66.40,0
298,979.69,97.10,100.00,2400.00,1.2749,67.00,0
299,1007.29,96.42,100.00,2400.00,1.2763,66.40,0
300,981.92,97.34,100.00,2400.00,1.2762,66.40,0
301,968.60,97.13,100.00,2400.00,1.2769,67.00,0
302,946.02,97.24,100.00,2400.00,1.2766,66.40,0
303,968.54,96.92,100.00,2400.00,1.2769,67.00,0
304,952.99,95.80,100.00,2400.00,1.2762,66.40,0
305,964.67,96.82,100.00,2400.00,1.2769,67.50,0
306,943.50,95.90,100.00,2400.00,1.2762,66.40,0
307,963.46,95.88,100.00,2400.00,1.2779,67.00,0
308,925.44,96.80,100.00,2400.00,1.278,67.00,0
309,944.29,97.25,100.00,2400.00,1.2788,67.00,0
310,950.08,97.12,100.00,2400.00,1.2777,67.00,0
311,979.22,96.64,100.00,2400.00,1.2779,67.00,0
312,971.15,94.66,100.00,2400.00,1.2777,66.40,0
313,982.82,96.09,100.00,2400.00,1.278,67.00,0
314,947.75,97.30,100.00,2400.00,1.2779,67.00,0
315,964.84,97.05,100.00,2400.00,1.2776,67.00,0
316,978.63,95.96,100.00,2400.00,1.276,66.40,0
317,963.37,94.02,100.00,2400.00,1.2774,67.00,0
318,988.18,95.82,100.00,2400.00,1.2767,66.40,0
319,978.32,93.88,100.00,2400.00,1.2782,66.40,0
320,979.26,96.06,100.00,2400.00,1.2769,66.40,0
321,957.17,96.80,100.00,2400.00,1.2764,66.40,0
322,988.87,95.93,100.00,2400.00,1.2763,66.40,0
323,976.96,96.47,100.00,2400.00,1.2766,67.00,0
324,966.14,95.71,100.00,2400.00,1.276,67.00,0
325,953.21,95.52,100.00,2400.00,1.2758,66.40,0
326,952.68,96.97,100.00,2400.00,1.2761,67.00,0
327,952.43,96.64,100.00,2400.00,1.2758,66.40,0
328,964.73,97.05,100.00,2400.00,1.2747,67.00,0
329,951.08,97.00,100.00,2400.00,1.275,67.50,0
330,948.79,96.21,100.00,2400.00,1.2751,67.00,0
331,971.64,95.31,100.00,2400.00,1.2748,67.00,0
332,977.45,96.14,100.00,2400.00,1.276,66.40,0
333,1019.02,95.92,100.00,2400.00,1.2767,66.40,0
334,935.12,95.93,100.00,2400.00,1.2763,67.00,0
335,955.82,97.46,100.00,2400.00,1.2773,67.50,0
336,986.65,96.63,100.00,2400.00,1.2753,67.00,0
337,945.78,95.14,100.00,2400.00,1.2761,67.50,0
338,953.02,97.76,100.00,2400.00,1.2757,67.50,0
339,961.36,95.77,100.00,2400.00,1.2756,67.00,0
340,949.80,97.73,100.00,2400.00,1.2751,67.00,0
341,948.24,95.61,100.00,2400.00,1.2757,67.00,0
342,942.19,96.89,100.00,2400.00,1.2747,67.00,0
343,986.59,97.32,100.00,2400.00,1.2744,67.00,0
344,959.79,97.13,100.00,2400.00,1.2747,67.00,0
345,960.75,96.60,100.00,2400.00,1.2752,66.40,0
346,954.32,96.89,100.00,2400.00,1.275,66.40,0
347,927.85,97.29,100.00,2400.00,1.2748,67.50,0
348,974.23,95.16,100.00,2400.00,1.2751,67.50,0
349,929.30,95.79,100.00,2400.00,1.2757,67.00,0
350,991.55,95.99,100.00,2400.00,1.277,67.50,0
351,959.26,94.17,100.00,2400.00,1.2771,67.00,0
352,993.90,96.16,100.00,2400.00,1.2759,66.40,0
353,978.08,94.59,100.00,2400.00,1.2765,67.00,0
354,995.50,95.95,100.00,2400.00,1.2778,67.00,0
355,963.34,97.49,100.00,2400.00,1.2771,67.00,0
356,982.86,96.08,100.00,2400.00,1.2775,67.00,0
357,965.61,96.57,100.00,2400.00,1.2772,67.00,0
358,944.13,95.39,100.00,2400.00,1.276,67.50,0
359,966.31,95.55,100.00,2400.00,1.2766,67.50,0
360,993.20,96.91,100.00,2400.00,1.277,67.00,0
361,955.04,96.68,100.00,2400.00,1.2781,67.50,0
362,963.52,96.44,100.00,2400.00,1.2782,67.50,0
363,957.00,96.80,100.00,2400.00,1.2788,67.00,0
364,955.43,96.22,100.00,2400.00,1.2763,67.00,0
365,980.92,96.31,100.00,2400.00,1.2776,67.50,0
366,957.95,96.40,100.00,2400.00,1.2754,67.50,0
367,922.13,96.04,100.00,2400.00,1.276,67.50,0
368,930.45,97.05,100.00,2400.00,1.2758,68.10,0
369,947.31,96.94,100.00,2400.00,1.2754,67.00,0
370,977.07,96.91,100.00,2400.00,1.2759,67.50,0
371,953.37,95.71,100.00,2400.00,1.2763,67.00,0
372,991.06,95.64,100.00,2400.00,1.2758,67.50,0
373,942.52,95.26,100.00,2400.00,1.2765,67.50,0
374,974.25,96.01,100.00,2400.00,1.2778,67.00,0
375,941.26,95.18,100.00,2400.00,1.2777,67.00,0
376,967.32,98.17,100.00,2400.00,1.2771,67.00,0
377,961.93,95.81,100.00,2400.00,1.2767,68.10,0
378,946.34,96.56,100.00,2400.00,1.2766,67.50,0
379,960.13,94.47,100.00,2400.00,1.2737,67.50,0
380,960.46,94.62,100.00,2400.00,1.2775,67.00,0
381,939.94,97.11,100.00,2400.00,1.2775,67.50,0
382,968.36,93.48,100.00,2400.00,1.2758,67.50,0
383,949.87,95.41,100.00,2400.00,1.276,67.50,0
384,977.83,95.71,100.00,2400.00,1.2775,67.50,0
385,945.82,97.83,100.00,2400.00,1.2777,67.00,0
386,942.87,97.60,100.00,2400.00,1.2756,67.50,0
387,922.41,95.42,100.00,2400.00,1.2755,67.50,0
388,960.29,96.54,100.00,2400.00,1.2757,67.00,0
389,953.74,97.66,100.00,2400.00,1.2756,67.50,0
390,974.26,96.76,100.00,2400.00,1.2766,67.00,0
391,942.60,96.45,100.00,2400.00,1.2776,67.50,0
392,983.42,95.35,100.00,2400.00,1.277,67.50,0
393,988.04,96.97,100.00,2400.00,1.2773,67.00,0
394,964.18,96.07,100.00,2400.00,1.2773,67.00,0
395,998.24,95.69,100.00,2400.00,1.2781,67.00,0
396,955.19,94.93,100.00,2400.00,1.2793,66.40,0
397,985.68,96.08,100.00,2400.00,1.2781,66.40,0
398,1018.03,96.61,100.00,2400.00,1.2782,67.00,0
399,974.28,96.86,100.00,2400.00,1.2781,67.00,0
400,966.08,96.27,100.00,2400.00,1.2771,67.00,0
401,949.79,96.12,100.00,2400.00,1.2771,67.50,0
402,954.65,96.22,100.00,2400.00,1.2783,67.00,0
403,944.16,96.63,100.00,2400.00,1.2791,66.40,0
404,989.90,94.68,100.00,2400.00,1.2767,66.40,0
405,938.22,96.87,100.00,2400.00,1.2773,67.00,0
406,948.60,95.62,100.00,2400.00,1.2772,67.00,0
407,970.01,95.28,100.00,2400.00,1.2771,67.00,0
408,980.82,96.85,100.00,2400.00,1.2761,67.50,0
409,974.12,96.21,100.00,2400.00,1.2772,66.40,0
410,997.08,95.14,100.00,2400.00,1.2787,66.40,0
411,988.94,96.99,100.00,2400.00,1.2793,67.00,0
412,959.64,97.23,100.00,2400.00,1.2772,65.90,0
413,969.42,95.93,100.00,2400.00,1.2774,66.40,0
414,929.14,95.21,100.00,2400.00,1.2781,67.00,0
415,970.20,96.13,100.00,2400.00,1.2791,66.40,0
416,974.69,95.99,100.00,2400.00,1.2766,66.40,0
417,939.41,96.94,100.00,2400.00,1.2779,66.40,0
418,979.64,97.47,100.00,2400.00,1.2777,65.90,0
419,970.14,95.98,100.00,2400.00,1.278,65.90,0
420,1000.86,97.47,100.00,2400.00,1.2782,66.40,0
421,969.81,96.49,100.00,2400.00,1.2792,65.90,0
422,991.86,96.45,100.00,2400.00,1.2782,65.90,0
423,985.01,96.26,100.00,2400.00,1.2784,65.90,0
424,985.68,96.95,100.00,2400.00,1.2777,65.90,0
425,961.72,96.62,100.00,2400.00,1.2769,66.40,0
426,945.16,96.20,100.00,2400.00,1.2775,65.90,0
427,980.35,97.17,100.00,2400.00,1.2774,66.40,0
428,956.59,96.38,100.00,2400.00,1.2769,65.90,0
429,954.11,95.98,100.00,2400.00,1.2769,65.30,0
430,985.14,96.63,100.00,2400.00,1.2779,66.40,0
431,941.93,96.57,100.00,2400.00,1.2778,66.40,0
432,946.49,95.55,100.00,2400.00,1.2762,66.40,0
433,992.09,96.96,100.00,2400.00,1.2769,65.30,0
434,999.66,94.67,100.00,2400.00,1.2762,65.90,0
435,991.34,95.41,100.00,2400.00,1.277,65.30,0
436,977.19,95.90,100.00,2400.00,1.2756,65.30,0
437,970.07,96.44,100.00,2400.00,1.277,65.90,0
438,962.14,95.42,100.00,2400.00,1.2782,65.30,0
439,970.56,96.31,100.00,2400.00,1.2783,65.90,0
440,965.84,96.86,100.00,2400.00,1.2756,65.30,0
441,998.14,95.12,100.00,2400.00,1.2764,65.30,0
442,995.07,97.13,100.00,2400.00,1.2769,65.30,0
443,964.64,97.10,100.00,2400.00,1.2766,65.30,0
444,968.25,93.75,100.00,2400.00,1.2785,64.80,0
445,955.81,95.91,100.00,2400.00,1.2792,65.30,0
446,942.69,95.23,100.00,2400.00,1.2772,65.30,0
447,927.83,96.85,100.00,2400.00,1.2769,65.30,0
448,913.13,96.74,100.00,2400.00,1.2761,65.90,0
449,960.71,95.65,100.00,2400.00,1.2769,65.90,0
450,994.00,96.62,100.00,2400.00,1.2788,65.30,0
451,940.66,95.72,100.00,2400.00,1.2785,65.30,0
452,955.75,93.77,100.00,2400.00,1.2771,65.30,0
453,945.41,96.64,100.00,2400.00,1.2778,65.90,0
454,958.54,96.53,100.00,2400.00,1.2771,64.80,0
455,955.73,96.83,100.00,2400.00,1.2769,65.30,0
456,985.39,96.91,100.00,2400.00,1.2784,64.80,0
457,952.43,96.76,100.00,2400.00,1.2782,65.30,0
458,972.97,95.81,100.00,2400.00,1.2767,65.30,0
459,936.95,96.41,100.00,2400.00,1.2774,65.30,0
460,991.46,97.10,100.00,2400.00,1.2764,64.80,0
461,956.74,97.72,100.00,2400.00,1.2767,65.90,0
462,977.50,96.79,100.00,2400.00,1.277,65.30,0
463,932.37,96.40,100.00,2400.00,1.2782,65.30,0
464,934.24,97.11,100.00,2400.00,1.2768,64.80,0
465,930.31,96.65,100.00,2400.00,1.2774,64.80,0
466,983.05,96.15,100.00,2400.00,1.2785,64.80,0
467,949.38,95.62,100.00,2400.00,1.2783,64.80,0
468,968.72,97.42,100.00,2400.00,1.2774,64.80,0
469,962.10,96.58,100.00,2400.00,1.2776,65.30,0
470,945.11,97.90,100.00,2400.00,1.277,65.30,0
471,1009.39,97.54,100.00,2400.00,1.2771,64.80,0
472,931.98,97.49,100.00,2400.00,1.2777,64.80,0
473,974.94,95.85,100.00,2400.00,1.2778,65.30,0
474,949.30,95.78,100.00,2400.00,1.2771,65.30,0
475,972.16,95.56,100.00,2400.00,1.2775,65.30,0
476,975.62,95.88,100.00,2400.00,1.2755,64.80,0
477,948.09,95.19,100.00,2400.00,1.2762,65.30,0
478,973.99,97.07,100.00,2400.00,1.2771,64.80,0
479,977.43,96.82,100.00,2400.00,1.2772,64.80,0
480,961.05,97.17,100.00,2400.00,1.2768,64.80,0
481,955.19,97.69,100.00,2400.00,1.277,64.80,0
482,962.42,96.56,100.00,2400.00,1.2755,64.80,0
483,950.38,95.99,100.00,2400.00,1.2756,64.80,0
484,989.73,97.21,100.00,2400.00,1.275,64.80,0
485,946.40,96.99,100.00,2400.00,1.2754,65.30,0
486,1018.84,96.56,100.00,2400.00,1.2745,64.20,0
487,980.98,94.45,100.00,2400.00,1.2753,65.30,0
488,938.49,96.82,100.00,2400.00,1.2744,64.80,0
489,984.10,96.57,100.00,2400.00,1.2755,65.30,0
490,992.90,96.42,100.00,2400.00,1.2742,65.30,0
491,955.15,96.03,100.00,2400.00,1.2748,64.80,0
492,946.66,97.60,100.00,2400.00,1.2752,65.90,0
493,975.95,97.20,100.00,2400.00,1.2758,64.80,0
494,961.38,96.00,100.00,2400.00,1.2753,65.30,0
495,942.91,96.51,100.00,2400.00,1.2755,64.80,0
496,961.09,94.62,100.00,2400.00,1.2751,64.80,0
497,974.02,96.51,100.00,2400.00,1.2752,65.30,0
498,944.29,95.94,100.00,2400.00,1.2748,65.30,0
499,945.90,96.89,100.00,2400.00,1.2766,64.80,0
500,971.42,95.11,100.00,2400.00,1.2754,64.80,0
501,972.01,96.85,100.00,2400.00,1.2759,65.30,0
502,978.87,95.46,100.00,2400.00,1.2764,65.30,0
503,968.95,96.19,100.00,2400.00,1.2769,65.30,0
504,956.41,97.76,100.00,2400.00,1.275,65.30,0
505,917.92,96.39,100.00,2400.00,1.2755,65.30,0
506,940.79,97.17,100.00,2400.00,1.2754,65.90,0
507,965.04,96.65,100.00,2400.00,1.2769,65.90,0
508,1009.03,97.46,100.00,2400.00,1.2775,65.30,0
509,983.87,96.08,100.00,2400.00,1.2775,65.30,0
510,979.23,96.19,100.00,2400.00,1.2754,65.30,0
511,1007.47,96.92,100.00,2400.00,1.2764,65.30,0
512,980.25,95.54,100.00,2400.00,1.2767,65.30,0
513,989.63,96.70,100.00,2400.00,1.2763,65.30,0
514,991.59,96.07,100.00,2400.00,1.2753,65.30,0
515,942.66,94.87,100.00,2400.00,1.2757,65.90,0
516,973.76,96.19,100.00,2400.00,1.2756,65.30,0
517,975.72,96.50,100.00,2400.00,1.2747,65.90,0
518,972.00,95.32,100.00,2400.00,1.2747,65.30,0
519,996.05,95.93,100.00,2400.00,1.275,65.30,0
520,1029.08,96.60,100.00,2400.00,1.2744,65.30,0
521,986.14,95.72,100.00,2400.00,1.2755,65.90,0
522,975.60,95.81,100.00,2400.00,1.2761,65.90,0
523,944.17,96.90,100.00,2400.00,1.2763,65.30,0
524,939.53,95.18,100.00,2400.00,1.2757,65.30,0
525,1020.76,96.37,100.00,2400.00,1.2763,65.90,0
526,980.61,94.67,100.00,2400.00,1.2737,65.30,0
527,991.78,96.78,100.00,2400.00,1.2751,65.30,0
528,1022.39,96.44,100.00,2400.00,1.2754,65.30,0
529,953.94,95.98,100.00,2400.00,1.2759,65.90,0
530,964.24,95.42,100.00,2400.00,1.274,65.90,0
531,1012.37,96.92,100.00,2400.00,1.2754,65.90,0
532,978.41,96.16,100.00,2400.00,1.2763,65.90,0
533,964.16,96.67,100.00,2400.00,1.2765,65.90,0
534,1006.93,97.77,100.00,2400.00,1.2753,65.30,0
535,958.63,95.06,100.00,2400.00,1.2753,66.40,0
536,998.01,96.74,100.00,2400.00,1.2748,66.40,0
537,931.71,95.51,100.00,2400.00,1.2756,65.90,0
538,934.82,95.97,100.00,2400.00,1.2742,65.90,0
539,961.89,96.44,100.00,2400.00,1.2746,66.40,0
540,967.42,96.52,100.00,2400.00,1.2742,66.40,0
541,942.83,96.89,100.00,2400.00,1.2746,65.90,0
542,960.02,96.43,100.00,2400.00,1.2746,65.90,0
543,1014.31,94.67,100.00,2400.00,1.2753,66.40,0
544,958.95,95.94,100.00,2400.00,1.2745,65.90,0
545,969.09,96.97,100.00,2400.00,1.2748,65.90,0
546,975.19,94.37,100.00,2400.00,1.2741,65.90,0
547,963.09,95.46,100.00,2400.00,1.2736,65.90,0
548,993.33,95.35,100.00,2400.00,1.2743,65.90,0
549,963.66,96.96,100.00,2400.00,1.2748,65.90,0
550,986.42,96.99,100.00,2400.00,1.2726,66.40,0
551,970.27,96.52,100.00,2400.00,1.2735,65.90,0
552,916.01,96.46,100.00,2400.00,1.274,65.90,0
553,923.64,96.85,100.00,2400.00,1.2744,67.50,0
554,981.00,95.99,100.00,2400.00,1.2737,65.90,0
555,974.08,96.31,100.00,2400.00,1.275,65.90,0
556,965.53,95.49,100.00,2400.00,1.276,65.90,0
557,937.49,96.36,100.00,2400.00,1.2765,66.40,0
558,1003.46,96.14,100.00,2400.00,1.2761,66.40,0
559,973.99,95.52,100.00,2400.00,1.2767,66.40,0
560,984.50,96.28,100.00,2400.00,1.2757,65.90,0
561,970.77,96.06,100.00,2400.00,1.2764,66.40,0
562,966.30,95.94,100.00,2400.00,1.2759,66.40,0
563,1000.11,97.95,100.00,2400.00,1.2764,66.40,0
564,975.04,96.80,100.00,2400.00,1.2755,67.00,0
565,950.93,97.22,100.00,2400.00,1.2751,66.40,0
566,988.58,96.73,100.00,2400.00,1.2743,66.40,0
567,960.89,97.34,100.00,2400.00,1.2746,66.40,0
568,958.18,96.91,100.00,2400.00,1.2746,66.40,0
569,951.81,97.25,100.00,2400.00,1.2747,66.40,0
570,972.85,96.47,100.00,2400.00,1.2763,66.40,0
571,915.85,96.24,100.00,2400.00,1.2766,67.00,0
572,965.47,96.88,100.00,2400.00,1.2739,67.00,0
573,969.84,95.12,100.00,2400.00,1.2759,66.40,0
574,972.58,96.20,100.00,2400.00,1.2777,67.00,0
575,989.62,96.66,100.00,2400.00,1.2777,66.40,0
576,954.25,96.50,100.00,2400.00,1.2756,66.40,0
577,984.83,95.90,100.00,2400.00,1.2761,66.40,0
578,952.56,97.24,100.00,2400.00,1.2735,66.40,0
579,939.19,96.84,100.00,2400.00,1.2741,66.40,0
580,979.89,97.52,100.00,2400.00,1.2749,67.00,0
581,986.09,95.11,100.00,2400.00,1.2749,67.00,0
582,970.52,95.26,100.00,2400.00,1.2766,66.40,0
583,944.22,96.41,100.00,2400.00,1.2762,66.40,0
584,952.03,96.50,100.00,2400.00,1.2749,67.50,0
585,947.74,96.36,100.00,2400.00,1.2748,67.50,0
