frame,latency_ms,cpu_avg,cpu_max,freq_avg,ram_used,temp_max,throttle_count
0,2583.45,96.24,100.00,2400.00,1.8502,61.50,0
1,2579.93,96.77,100.00,2400.00,1.8491,62.60,0
2,2736.29,95.98,100.00,2400.00,1.8456,61.50,0
3,2624.89,97.42,100.00,2400.00,1.8453,62.00,0
4,2607.90,96.80,100.00,2400.00,1.8442,62.00,0
5,2612.14,97.19,100.00,2400.00,1.8463,61.50,0
6,2548.75,97.76,100.00,2400.00,1.8449,62.60,0
7,2611.78,97.10,100.00,2400.00,1.8447,62.60,0
8,2560.68,96.95,100.00,2400.00,1.8438,62.60,0
9,2560.32,97.44,100.00,2400.00,1.844,63.10,0
10,2523.19,97.27,100.00,2400.00,1.8403,63.10,0
11,2551.98,97.37,100.00,2400.00,1.8403,63.10,0
12,2543.04,96.90,100.00,2400.00,1.842,63.10,0
13,2648.74,95.68,100.00,2400.00,1.8415,63.10,0
14,2648.96,96.56,100.00,2400.00,1.8418,63.10,0
15,2659.08,96.98,100.00,2400.00,1.8408,63.10,0
16,2594.16,96.79,100.00,2400.00,1.8404,63.70,0
17,2565.52,96.52,100.00,2400.00,1.842,63.70,0
18,2613.21,96.60,100.00,2400.00,1.842,64.20,0
19,2567.16,97.24,100.00,2400.00,1.8422,64.20,0
20,2478.84,97.36,100.00,2400.00,1.8413,64.20,0
21,2602.73,96.77,100.00,2400.00,1.8409,64.80,0
22,2624.41,97.38,100.00,2400.00,1.8412,64.20,0
23,2559.79,97.57,100.00,2400.00,1.8416,64.80,0
24,2799.45,95.41,100.00,2400.00,1.8412,64.80,0
25,2747.37,96.18,100.00,2400.00,1.8413,64.20,0
26,2551.26,96.74,100.00,2400.00,1.841,64.80,0
27,2617.32,97.22,100.00,2400.00,1.8406,64.80,0
28,2597.35,97.50,100.00,2400.00,1.84,65.30,0
29,2633.32,97.47,100.00,2400.00,1.8419,64.80,0
30,2616.46,96.86,100.00,2400.00,1.8412,64.80,0
31,2598.02,97.43,100.00,2400.00,1.8416,65.90,0
32,2570.67,96.69,100.00,2400.00,1.8415,65.30,0
33,2567.64,95.89,100.00,2400.00,1.8412,64.80,0
34,2532.98,97.17,100.00,2400.00,1.8405,65.30,0
35,2562.42,97.61,100.00,2400.00,1.8403,65.90,0
36,2608.70,96.51,100.00,2400.00,1.8407,65.90,0
37,2574.31,96.63,100.00,2400.00,1.8402,65.30,0
38,2567.32,96.98,100.00,2400.00,1.84,65.90,0
39,2649.29,97.42,100.00,2400.00,1.8397,65.30,0
40,2595.90,97.78,100.00,2400.00,1.8405,65.30,0
41,2594.23,97.60,100.00,2400.00,1.8391,65.30,0
42,2506.86,97.03,100.00,2400.00,1.8399,66.40,0
43,2575.60,97.10,100.00,2400.00,1.8404,65.30,0
44,2639.63,96.32,100.00,2400.00,1.8412,65.90,0
45,2542.72,97.01,100.00,2400.00,1.8418,65.90,0
46,2628.99,96.54,100.00,2400.00,1.8404,65.90,0
47,2527.50,97.58,100.00,2400.00,1.8409,65.30,0
48,2533.93,97.17,100.00,2400.00,1.8419,67.00,0
49,2559.44,95.69,100.00,2400.00,1.8409,66.40,0
50,2634.02,97.33,100.00,2400.00,1.8413,66.40,0
51,2596.92,96.70,100.00,2400.00,1.8405,65.90,0
52,2662.96,96.92,100.00,2400.00,1.8412,65.90,0
53,2576.42,95.92,100.00,2400.00,1.8409,66.40,0
54,2480.86,97.79,100.00,2400.00,1.8395,67.00,0
55,2522.47,97.23,100.00,2400.00,1.8431,65.90,0
56,2668.29,96.50,100.00,2400.00,1.8424,66.40,0
57,2683.96,97.03,100.00,2400.00,1.8427,66.40,0
58,2642.60,97.41,100.00,2400.00,1.8435,65.90,0
59,2657.28,96.82,100.00,2400.00,1.8424,66.40,0
60,2601.46,96.52,100.00,2400.00,1.8413,66.40,0
61,2553.24,97.01,100.00,2400.00,1.8411,66.40,0
62,2521.48,97.44,100.00,2400.00,1.8432,66.40,0
63,2510.50,96.80,100.00,2400.00,1.8416,67.00,0
64,2592.26,96.79,100.00,2400.00,1.8403,65.90,0
65,2487.46,97.29,100.00,2400.00,1.8407,66.40,0
66,2628.19,96.57,100.00,2400.00,1.8407,67.00,0
67,2582.32,97.22,100.00,2400.00,1.8406,67.00,0
68,2598.56,97.26,100.00,2400.00,1.8415,67.00,0
69,2559.34,97.26,100.00,2400.00,1.8413,67.00,0
70,2718.00,95.36,100.00,2400.00,1.8409,66.40,0
71,2511.27,97.52,100.00,2400.00,1.8406,66.40,0
72,2544.17,97.04,100.00,2400.00,1.8407,67.00,0
73,2610.83,96.95,100.00,2400.00,1.8397,67.00,0
74,2557.29,96.74,100.00,2400.00,1.8398,67.00,0
75,2570.67,96.34,100.00,2400.00,1.8402,67.00,0
76,2640.54,96.18,100.00,2400.00,1.8417,66.40,0
77,2544.36,97.50,100.00,2400.00,1.8405,67.00,0
78,2502.94,97.80,100.00,2400.00,1.8406,67.00,0
79,2568.93,97.71,100.00,2400.00,1.8404,67.00,0
80,2620.73,96.94,100.00,2400.00,1.8388,66.40,0
81,2640.43,97.11,100.00,2400.00,1.8397,67.00,0
82,2568.78,97.83,100.00,2400.00,1.8407,67.50,0
83,2517.08,97.48,100.00,2400.00,1.8411,67.00,0
84,2572.43,98.07,100.00,2400.00,1.8411,67.00,0
85,2660.18,97.70,100.00,2400.00,1.841,67.50,0
86,2635.87,96.46,100.00,2400.00,1.8419,67.50,0
87,2586.41,96.75,100.00,2400.00,1.8365,67.00,0
88,2591.54,95.85,100.00,2400.00,1.8397,66.40,0
89,2573.50,97.48,100.00,2400.00,1.8395,67.00,0
90,2639.87,96.89,100.00,2400.00,1.8408,67.00,0
91,2522.51,97.67,100.00,2400.00,1.8409,67.00,0
92,2516.11,96.76,100.00,2400.00,1.8393,67.50,0
93,2543.54,97.01,100.00,2400.00,1.8409,67.00,0
94,2546.78,97.62,100.00,2400.00,1.839,67.00,0
95,2533.58,97.23,100.00,2400.00,1.8389,67.50,0
96,2612.69,97.44,100.00,2400.00,1.8383,67.00,0
97,2561.75,97.86,100.00,2400.00,1.8387,67.50,0
98,2598.67,97.38,100.00,2400.00,1.8395,67.00,0
99,2550.06,97.19,100.00,2400.00,1.8399,67.50,0
100,2603.13,96.61,100.00,2400.00,1.8393,67.50,0
101,2557.66,97.26,100.00,2400.00,1.8392,68.60,0
102,2561.29,98.13,100.00,2400.00,1.8396,67.50,0
103,2564.87,97.53,100.00,2400.00,1.8397,67.50,0
104,2575.11,96.49,100.00,2400.00,1.8401,67.50,0
105,2620.52,96.80,100.00,2400.00,1.8408,67.50,0
106,2581.89,97.42,100.00,2400.00,1.8394,67.50,0
107,2591.90,96.86,100.00,2400.00,1.84,67.50,0
108,2619.04,97.11,100.00,2400.00,1.8383,67.50,0
109,2564.87,96.81,100.00,2400.00,1.8397,67.50,0
110,2610.84,97.31,100.00,2400.00,1.8387,67.50,0
111,2579.22,96.44,100.00,2400.00,1.8387,67.50,0
112,2509.96,97.84,100.00,2400.00,1.8392,67.50,0
113,2615.70,97.12,100.00,2400.00,1.839,67.50,0
114,2597.85,97.17,100.00,2400.00,1.8399,67.50,0
115,2572.34,96.43,100.00,2400.00,1.8406,68.10,0
116,2568.68,96.96,100.00,2400.00,1.8392,67.50,0
117,2580.81,96.92,100.00,2400.00,1.8402,67.50,0
118,2631.36,97.17,100.00,2400.00,1.8407,67.50,0
119,2508.47,98.00,100.00,2400.00,1.8406,68.10,0
120,2649.31,95.98,100.00,2400.00,1.8391,68.10,0
121,2580.20,97.07,100.00,2400.00,1.8392,68.10,0
122,2567.00,97.80,100.00,2400.00,1.8395,68.10,0
123,2608.19,96.57,100.00,2400.00,1.8402,67.50,0
124,2622.55,95.96,100.00,2400.00,1.8428,68.10,0
125,2673.12,97.13,100.00,2400.00,1.842,67.50,0
126,2630.47,96.83,100.00,2400.00,1.8408,68.10,0
127,2517.08,97.06,100.00,2400.00,1.8396,67.50,0
128,2634.33,96.24,100.00,2400.00,1.8393,68.10,0
129,2582.57,97.51,100.00,2400.00,1.8399,67.50,0
130,2608.17,97.66,100.00,2400.00,1.8394,67.50,0
131,2605.79,97.19,100.00,2400.00,1.8401,68.10,0
132,2589.23,97.34,100.00,2400.00,1.8407,68.10,0
133,2561.64,96.35,100.00,2400.00,1.8407,68.10,0
134,2549.17,97.37,100.00,2400.00,1.8396,67.50,0
135,2569.04,97.04,100.00,2400.00,1.841,67.50,0
136,2632.90,96.74,100.00,2400.00,1.84,68.10,0
137,2604.93,97.56,100.00,2400.00,1.8416,68.10,0
138,2544.91,96.88,100.00,2400.00,1.8407,68.60,0
139,2616.77,97.58,100.00,2400.00,1.8399,68.60,0
140,2577.52,97.18,100.00,2400.00,1.8405,68.10,0
141,2587.71,97.14,100.00,2400.00,1.8412,68.10,0
142,2499.12,97.13,100.00,2400.00,1.8398,68.10,0
143,2584.71,97.53,100.00,2400.00,1.8402,68.60,0
144,2537.88,97.28,100.00,2400.00,1.8419,68.10,0
145,2646.22,97.27,100.00,2400.00,1.842,68.60,0
146,2569.68,97.48,100.00,2400.00,1.8405,68.10,0
147,2501.47,97.13,100.00,2400.00,1.8413,68.10,0
148,2570.94,96.74,100.00,2400.00,1.8407,68.60,0
149,2562.25,97.40,100.00,2400.00,1.8413,68.10,0
150,2640.24,97.49,100.00,2400.00,1.8403,68.10,0
151,2675.26,96.39,100.00,2400.00,1.8408,68.10,0
152,2515.68,96.79,100.00,2400.00,1.8388,68.10,0
153,2596.55,97.45,100.00,2400.00,1.839,69.20,0
154,2608.34,96.17,100.00,2400.00,1.8393,68.10,0
155,2592.90,96.97,100.00,2400.00,1.8388,68.10,0
156,2573.47,96.30,100.00,2400.00,1.8393,68.10,0
157,2617.71,95.74,100.00,2400.00,1.8402,68.10,0
158,2552.00,97.20,100.00,2400.00,1.8398,68.10,0
159,2582.60,97.13,100.00,2400.00,1.8394,68.10,0
160,2666.28,97.32,100.00,2400.00,1.8411,68.60,0
161,2663.08,96.99,100.00,2400.00,1.8403,68.10,0
162,2516.57,96.89,100.00,2400.00,1.8403,68.60,0
163,2590.00,96.47,100.00,2400.00,1.8405,68.10,0
164,2526.80,97.48,100.00,2400.00,1.8412,69.20,0
165,2550.85,96.69,100.00,2400.00,1.8409,68.10,0
166,2579.74,96.38,100.00,2400.00,1.8409,68.10,0
167,2592.74,96.31,100.00,2400.00,1.8403,67.50,0
168,2638.39,96.38,100.00,2400.00,1.8417,67.50,0
169,2511.86,97.18,100.00,2400.00,1.8405,67.50,0
170,2561.46,97.61,100.00,2400.00,1.8412,67.50,0
171,2564.51,96.96,100.00,2400.00,1.8393,67.50,0
172,2658.17,96.96,100.00,2400.00,1.8399,67.00,0
173,2584.08,97.25,100.00,2400.00,1.84,67.50,0
174,2599.04,96.88,100.00,2400.00,1.8411,67.50,0
175,2559.08,97.06,100.00,2400.00,1.8405,67.50,0
176,2559.98,97.69,100.00,2400.00,1.8394,67.00,0
177,2619.95,96.33,100.00,2400.00,1.8382,67.00,0
178,2598.42,95.78,100.00,2400.00,1.8413,67.50,0
179,2533.72,97.24,100.00,2400.00,1.8405,67.50,0
180,2513.55,97.62,100.00,2400.00,1.8407,67.00,0
181,2592.74,97.63,100.00,2400.00,1.842,66.40,0
182,2627.57,96.77,100.00,2400.00,1.8412,66.40,0
183,2534.39,97.98,100.00,2400.00,1.8407,66.40,0
184,2659.58,97.01,100.00,2400.00,1.8389,66.40,0
185,2540.10,97.07,100.00,2400.00,1.8401,66.40,0
186,2560.52,97.33,100.00,2400.00,1.8401,66.40,0
187,2606.40,96.58,100.00,2400.00,1.8403,65.90,0
188,2651.77,97.07,100.00,2400.00,1.841,65.90,0
189,2661.03,97.08,100.00,2400.00,1.8414,65.90,0
190,2625.55,96.93,100.00,2400.00,1.8402,66.40,0
191,2597.42,96.71,100.00,2400.00,1.8401,65.30,0
192,2643.66,97.64,100.00,2400.00,1.8407,65.30,0
193,2590.39,96.53,100.00,2400.00,1.8396,65.30,0
194,2594.35,96.81,100.00,2400.00,1.8418,65.30,0
195,2584.20,96.58,100.00,2400.00,1.8426,65.90,0
196,2579.09,97.11,100.00,2400.00,1.8412,65.90,0
197,2600.89,96.83,100.00,2400.00,1.8411,65.30,0
198,2518.69,97.90,100.00,2400.00,1.8407,65.90,0
199,2561.28,97.30,100.00,2400.00,1.8401,65.30,0
200,2560.72,97.79,100.00,2400.00,1.841,65.90,0
201,2547.80,96.91,100.00,2400.00,1.84,65.90,0
202,2610.94,97.21,100.00,2400.00,1.84,65.30,0
203,2564.22,97.41,100.00,2400.00,1.8409,65.30,0
204,2552.18,97.52,100.00,2400.00,1.8387,65.30,0
205,2601.81,95.78,100.00,2400.00,1.8389,65.30,0
206,2555.58,97.58,100.00,2400.00,1.8421,65.90,0
207,2593.35,96.95,100.00,2400.00,1.8423,65.30,0
208,2621.13,96.53,100.00,2400.00,1.842,65.30,0
209,2598.93,97.16,100.00,2400.00,1.8427,65.90,0
210,2591.34,97.00,100.00,2400.00,1.8437,65.90,0
211,2483.36,97.70,100.00,2400.00,1.8426,65.90,0
212,2615.98,97.48,100.00,2400.00,1.8417,65.90,0
213,2568.96,97.10,100.00,2400.00,1.8414,65.90,0
214,2536.59,96.37,100.00,2400.00,1.8401,66.40,0
215,2673.93,97.17,100.00,2400.00,1.8398,65.90,0
216,2575.21,96.91,100.00,2400.00,1.8409,66.40,0
217,2588.72,96.95,100.00,2400.00,1.8401,65.90,0
218,2619.96,96.92,100.00,2400.00,1.8391,66.40,0
219,2606.66,97.09,100.00,2400.00,1.8406,66.40,0
220,2633.18,95.92,100.00,2400.00,1.8411,65.90,0
221,2586.45,96.11,100.00,2400.00,1.8398,65.90,0
222,2633.17,97.58,100.00,2400.00,1.8395,66.40,0
223,2547.57,96.74,100.00,2400.00,1.8405,66.40,0
224,2590.44,97.31,100.00,2400.00,1.84,66.40,0
225,2555.01,96.59,100.00,2400.00,1.8405,67.00,0
226,2582.78,96.98,100.00,2400.00,1.84,67.00,0
227,2581.65,97.21,100.00,2400.00,1.8394,66.40,0
228,2504.44,97.51,100.00,2400.00,1.8384,67.50,0
229,2566.46,96.04,100.00,2400.00,1.8397,67.50,0
230,2575.39,97.68,100.00,2400.00,1.841,66.40,0
231,2609.84,96.90,100.00,2400.00,1.8402,67.00,0
232,2593.15,97.72,100.00,2400.00,1.8414,67.00,0
233,2568.40,97.41,100.00,2400.00,1.8411,67.50,0
234,2559.54,97.52,100.00,2400.00,1.841,67.50,0
235,2588.87,96.71,100.00,2400.00,1.8411,67.00,0
236,2625.69,97.25,100.00,2400.00,1.8411,67.00,0
237,2581.80,96.71,100.00,2400.00,1.8401,67.00,0
238,2584.36,97.58,100.00,2400.00,1.8399,67.50,0
239,2560.17,97.46,100.00,2400.00,1.8405,67.50,0
240,2564.07,97.77,100.00,2400.00,1.84,67.50,0
241,2517.71,97.85,100.00,2400.00,1.841,67.00,0
242,2630.97,95.75,100.00,2400.00,1.8403,67.50,0
243,2568.98,97.05,100.00,2400.00,1.8412,67.50,0
244,2602.63,97.05,100.00,2400.00,1.8423,67.50,0
245,2526.69,97.21,100.00,2400.00,1.8421,67.50,0
246,2567.21,97.79,100.00,2400.00,1.8406,67.50,0
247,2609.86,97.35,100.00,2400.00,1.8401,67.50,0
248,2526.09,97.42,100.00,2400.00,1.8419,68.10,0
249,2623.90,96.55,100.00,2400.00,1.8417,67.50,0
250,2562.95,96.04,100.00,2400.00,1.8405,67.50,0
251,2514.14,97.94,100.00,2400.00,1.8403,68.10,0
252,2673.16,95.49,100.00,2400.00,1.8406,67.50,0
253,2601.18,97.36,100.00,2400.00,1.8401,67.50,0
254,2503.12,96.56,100.00,2400.00,1.8392,67.50,0
255,2543.08,97.37,100.00,2400.00,1.8391,67.50,0
256,2520.21,97.05,100.00,2400.00,1.8407,67.50,0
257,2533.93,97.49,100.00,2400.00,1.8405,68.10,0
258,2565.14,97.72,100.00,2400.00,1.84,67.50,0
259,2638.13,97.37,100.00,2400.00,1.8392,67.50,0
260,2452.97,97.10,100.00,2400.00,1.8396,67.50,0
261,2607.02,96.92,100.00,2400.00,1.8396,68.10,0
262,2615.93,96.57,100.00,2400.00,1.8409,68.60,0
263,2548.31,95.73,100.00,2400.00,1.8403,68.10,0
264,2641.77,96.63,100.00,2400.00,1.8411,68.10,0
265,2614.35,96.62,100.00,2400.00,1.8407,67.50,0
266,2531.13,97.15,100.00,2400.00,1.8414,67.50,0
267,2505.05,96.97,100.00,2400.00,1.8415,68.10,0
268,2529.60,96.73,100.00,2400.00,1.8403,68.10,0
269,2616.70,96.93,100.00,2400.00,1.8397,68.60,0
270,2608.07,97.83,100.00,2400.00,1.8414,68.60,0
271,2585.94,97.18,100.00,2400.00,1.8402,68.60,0
272,2558.17,98.06,100.00,2400.00,1.8398,68.60,0
273,2527.52,97.62,100.00,2400.00,1.8399,68.60,0
274,2580.22,97.03,100.00,2400.00,1.8403,68.10,0
275,2509.84,97.52,100.00,2400.00,1.8399,68.60,0
276,2598.27,96.58,100.00,2400.00,1.8395,68.10,0
277,2541.53,97.02,100.00,2400.00,1.8397,68.10,0
278,2609.33,97.50,100.00,2400.00,1.8392,68.10,0
279,2605.70,97.82,100.00,2400.00,1.8391,67.50,0
280,2624.50,96.90,100.00,2400.00,1.8399,67.50,0
281,2545.32,96.65,100.00,2400.00,1.8395,67.50,0
282,2573.48,97.45,100.00,2400.00,1.8398,67.50,0
283,2547.87,98.13,100.00,2400.00,1.8406,67.50,0
284,2699.12,95.67,100.00,2400.00,1.8394,67.00,0
285,2641.83,96.44,100.00,2400.00,1.8402,67.00,0
286,2560.30,97.19,100.00,2400.00,1.8402,67.00,0
287,2537.82,97.44,100.00,2400.00,1.8414,67.50,0
288,2559.15,97.46,100.00,2400.00,1.841,67.00,0
289,2620.31,97.38,100.00,2400.00,1.8406,67.50,0
290,2553.49,97.10,100.00,2400.00,1.8401,67.50,0
291,2531.98,97.32,100.00,2400.00,1.8403,67.00,0
292,2608.40,96.90,100.00,2400.00,1.8393,66.40,0
293,2546.40,97.54,100.00,2400.00,1.8394,66.40,0
294,2592.20,97.02,100.00,2400.00,1.8405,65.90,0
295,2589.87,97.52,100.00,2400.00,1.8409,66.40,0
296,2596.40,96.23,100.00,2400.00,1.8408,65.90,0
297,2476.74,97.97,100.00,2400.00,1.84,67.00,0
298,2524.83,97.97,100.00,2400.00,1.8403,66.40,0
299,2468.34,97.91,100.00,2400.00,1.8412,67.00,0
300,2519.42,97.08,100.00,2400.00,1.8399,66.40,0
301,2571.63,97.11,100.00,2400.00,1.8403,65.90,0
302,2513.76,97.45,100.00,2400.00,1.8396,65.90,0
303,2668.33,97.55,100.00,2400.00,1.839,65.30,0
304,2622.24,97.00,100.00,2400.00,1.8408,65.90,0
305,2568.82,96.90,100.00,2400.00,1.8405,65.30,0
306,2643.06,96.61,100.00,2400.00,1.8404,65.30,0
307,2516.82,97.50,100.00,2400.00,1.8406,65.90,0
308,2688.40,95.98,100.00,2400.00,1.8408,65.90,0
309,2613.03,96.77,100.00,2400.00,1.8409,65.30,0
310,2551.42,97.04,100.00,2400.00,1.84,65.30,0
311,2557.44,97.60,100.00,2400.00,1.8401,65.30,0
312,2592.32,97.97,100.00,2400.00,1.8407,65.30,0
313,2612.82,95.91,100.00,2400.00,1.8399,65.30,0
314,2653.47,97.50,100.00,2400.00,1.841,65.30,0
315,2595.51,97.17,100.00,2400.00,1.8415,64.80,0
316,2634.81,96.94,100.00,2400.00,1.8412,65.30,0
317,2610.01,97.07,100.00,2400.00,1.8403,64.80,0
318,2594.45,97.42,100.00,2400.00,1.8408,64.80,0
319,2566.62,96.30,100.00,2400.00,1.841,65.30,0
320,2652.27,96.34,100.00,2400.00,1.841,64.80,0
321,2635.89,97.29,100.00,2400.00,1.8414,65.30,0
322,2545.39,96.41,100.00,2400.00,1.8419,64.80,0
323,2638.15,96.63,100.00,2400.00,1.8409,65.30,0
324,2591.92,96.21,100.00,2400.00,1.8418,64.80,0
325,2552.16,96.75,100.00,2400.00,1.8414,65.30,0
326,2579.24,97.64,100.00,2400.00,1.8404,65.30,0
327,2609.80,96.24,100.00,2400.00,1.8408,65.30,0
328,2530.94,97.83,100.00,2400.00,1.8413,66.40,0
329,2507.98,98.12,100.00,2400.00,1.8397,65.30,0
330,2587.84,96.90,100.00,2400.00,1.8413,66.40,0
331,2601.89,97.40,100.00,2400.00,1.8429,65.30,0
332,2529.44,96.56,100.00,2400.00,1.8405,65.90,0
333,2593.72,97.57,100.00,2400.00,1.8387,66.40,0
334,2599.75,97.04,100.00,2400.00,1.8403,65.90,0
335,2569.42,96.10,100.00,2400.00,1.8402,66.40,0
336,2647.36,96.12,100.00,2400.00,1.8397,65.90,0
337,2612.52,95.95,100.00,2400.00,1.8406,66.40,0
338,2591.06,96.61,100.00,2400.00,1.8399,66.40,0
339,2624.00,96.74,100.00,2400.00,1.8399,66.40,0
340,2585.98,96.54,100.00,2400.00,1.8393,66.40,0
341,2623.47,96.76,100.00,2400.00,1.8398,66.40,0
342,2563.22,96.99,100.00,2400.00,1.841,66.40,0
343,2522.06,97.16,100.00,2400.00,1.8411,67.00,0
344,2574.75,96.22,100.00,2400.00,1.8407,66.40,0
345,2569.13,97.93,100.00,2400.00,1.843,67.50,0
346,2512.45,96.80,100.00,2400.00,1.842,66.40,0
347,2532.13,97.24,100.00,2400.00,1.8409,67.00,0
348,2568.90,97.54,100.00,2400.00,1.8412,67.00,0
349,2701.75,97.51,100.00,2400.00,1.8411,67.50,0
350,2510.20,97.29,100.00,2400.00,1.8407,67.00,0
351,2560.37,97.52,100.00,2400.00,1.8424,67.00,0
352,2563.98,97.21,100.00,2400.00,1.841,67.00,0
353,2544.19,97.59,100.00,2400.00,1.8415,67.00,0
354,2542.21,96.45,100.00,2400.00,1.8413,66.40,0
355,2611.02,96.18,100.00,2400.00,1.8406,66.40,0
356,2604.85,96.47,100.00,2400.00,1.8397,66.40,0
357,2493.18,97.36,100.00,2400.00,1.8408,66.40,0
358,2565.09,97.66,100.00,2400.00,1.8417,67.00,0
359,2519.49,97.12,100.00,2400.00,1.8421,65.90,0
360,2640.25,97.18,100.00,2400.00,1.8421,66.40,0
361,2586.41,97.66,100.00,2400.00,1.8413,65.90,0
362,2644.86,97.30,100.00,2400.00,1.8408,66.40,0
363,2596.53,95.88,100.00,2400.00,1.8407,66.40,0
364,2631.18,97.24,100.00,2400.00,1.841,66.40,0
365,2609.01,96.71,100.00,2400.00,1.8404,65.90,0
366,2578.97,97.10,100.00,2400.00,1.8398,65.90,0
367,2522.63,97.06,100.00,2400.00,1.8409,66.40,0
368,2581.77,96.96,100.00,2400.00,1.8419,65.90,0
369,2467.24,97.39,100.00,2400.00,1.8408,65.90,0
370,2559.20,97.77,100.00,2400.00,1.8395,66.40,0
371,2618.03,96.88,100.00,2400.00,1.8406,67.00,0
372,2613.15,96.66,100.00,2400.00,1.8416,65.90,0
373,2542.18,97.29,100.00,2400.00,1.8403,65.90,0
374,2622.60,97.28,100.00,2400.00,1.8408,67.50,0
375,2602.68,97.22,100.00,2400.00,1.8408,66.40,0
376,2602.98,97.03,100.00,2400.00,1.8406,66.40,0
377,2523.85,97.44,100.00,2400.00,1.8367,65.90,0
378,2539.32,96.91,100.00,2400.00,1.8402,66.40,0
379,2521.58,96.11,100.00,2400.00,1.8399,67.00,0
380,2575.59,96.84,100.00,2400.00,1.8393,66.40,0
381,2538.70,96.83,100.00,2400.00,1.8399,66.40,0
382,2567.02,97.71,100.00,2400.00,1.8411,67.00,0
383,2576.35,96.98,100.00,2400.00,1.8406,67.50,0
384,2568.16,97.24,100.00,2400.00,1.8408,67.00,0
385,2574.05,97.81,100.00,2400.00,1.8403,67.50,0
386,2632.62,96.06,100.00,2400.00,1.8399,66.40,0
387,2516.54,96.58,100.00,2400.00,1.8399,67.00,0
388,2601.17,95.70,100.00,2400.00,1.8405,67.00,0
389,2504.76,97.03,100.00,2400.00,1.8403,67.00,0
390,2569.04,97.17,100.00,2400.00,1.8414,67.00,0
391,2565.99,97.45,100.00,2400.00,1.8411,67.50,0
392,2486.41,97.73,100.00,2400.00,1.8407,68.10,0
393,2585.86,97.13,100.00,2400.00,1.8407,67.50,0
394,2626.21,96.55,100.00,2400.00,1.8397,67.50,0
395,2566.50,97.15,100.00,2400.00,1.8401,67.00,0
396,2595.77,97.11,100.00,2400.00,1.8436,67.50,0
397,2585.15,95.69,100.00,2400.00,1.8422,68.10,0
398,2604.74,97.25,100.00,2400.00,1.8415,67.50,0
399,2586.44,96.50,100.00,2400.00,1.8418,67.50,0
400,2585.26,97.32,100.00,2400.00,1.8412,67.50,0
401,2642.94,97.02,100.00,2400.00,1.8408,67.00,0
402,2513.30,98.02,100.00,2400.00,1.8408,67.50,0
403,2540.10,97.15,100.00,2400.00,1.8429,67.50,0
404,2630.96,96.28,100.00,2400.00,1.8411,67.50,0
405,2574.47,97.08,100.00,2400.00,1.8412,67.50,0
406,2563.30,97.45,100.00,2400.00,1.8403,68.10,0
407,2577.76,97.58,100.00,2400.00,1.84,67.50,0
408,2561.34,96.49,100.00,2400.00,1.8398,68.10,0
409,2609.15,97.34,100.00,2400.00,1.842,68.10,0
410,2566.87,96.54,100.00,2400.00,1.8407,67.50,0
411,2477.74,97.07,100.00,2400.00,1.8398,68.10,0
412,2539.74,97.64,100.00,2400.00,1.8402,68.10,0
413,2574.56,97.03,100.00,2400.00,1.8405,68.10,0
414,2578.25,97.41,100.00,2400.00,1.8402,68.10,0
415,2696.01,96.14,100.00,2400.00,1.8403,67.50,0
416,2572.04,96.43,100.00,2400.00,1.8404,68.10,0
417,2515.85,96.41,100.00,2400.00,1.841,68.10,0
418,2520.61,97.83,100.00,2400.00,1.8408,68.10,0
419,2637.73,95.87,100.00,2400.00,1.8413,67.50,0
420,2699.86,96.10,100.00,2400.00,1.8409,68.10,0
421,2610.69,97.34,100.00,2400.00,1.8409,68.10,0
422,2631.68,96.54,100.00,2400.00,1.8388,67.50,0
423,2606.38,95.90,100.00,2400.00,1.8388,68.10,0
424,2588.78,96.75,100.00,2400.00,1.8385,68.10,0
425,2564.36,96.83,100.00,2400.00,1.8395,68.60,0
426,2613.31,96.17,100.00,2400.00,1.8413,68.10,0
427,2557.76,97.34,100.00,2400.00,1.8409,67.50,0
428,2522.16,96.91,100.00,2400.00,1.8397,68.10,0
429,2638.93,97.55,100.00,2400.00,1.8403,67.50,0
430,2670.35,96.52,100.00,2400.00,1.8409,67.50,0
431,2599.39,96.87,100.00,2400.00,1.8402,67.50,0
432,2543.63,96.94,100.00,2400.00,1.8397,67.50,0
433,2618.24,96.66,100.00,2400.00,1.8406,67.00,0
434,2567.37,97.00,100.00,2400.00,1.8419,67.00,0
435,2555.09,97.01,100.00,2400.00,1.8412,67.00,0
436,2567.29,97.07,100.00,2400.00,1.8416,67.00,0
437,2545.22,97.14,100.00,2400.00,1.8416,67.00,0
438,2551.58,97.43,100.00,2400.00,1.8401,66.40,0
439,2554.22,96.52,100.00,2400.00,1.84,66.40,0
440,2639.16,97.22,100.00,2400.00,1.8414,66.40,0
441,2612.52,97.03,100.00,2400.00,1.8408,66.40,0
442,2568.31,97.68,100.00,2400.00,1.8408,66.40,0
443,2610.27,96.50,100.00,2400.00,1.8394,66.40,0
444,2617.18,97.31,100.00,2400.00,1.8406,67.00,0
445,2549.37,97.42,100.00,2400.00,1.84,65.90,0
446,2620.06,97.30,100.00,2400.00,1.8394,66.40,0
447,2545.48,96.51,100.00,2400.00,1.8394,66.40,0
448,2568.61,97.26,100.00,2400.00,1.8394,65.90,0
449,2616.06,97.31,100.00,2400.00,1.8394,65.90,0
450,2580.39,97.25,100.00,2400.00,1.8403,66.40,0
451,2554.07,96.48,100.00,2400.00,1.8406,66.40,0
452,2589.90,97.03,100.00,2400.00,1.839,65.30,0
453,2589.58,97.12,100.00,2400.00,1.8392,65.30,0
454,2597.74,96.53,100.00,2400.00,1.8406,65.90,0
455,2660.61,96.91,100.00,2400.00,1.8405,65.30,0
456,2530.89,97.66,100.00,2400.00,1.8405,65.90,0
457,2572.38,97.51,100.00,2400.00,1.8408,65.30,0
458,2561.23,96.64,100.00,2400.00,1.8411,65.90,0
459,2589.12,97.33,100.00,2400.00,1.8408,65.30,0
460,2590.91,97.29,100.00,2400.00,1.8409,65.30,0
461,2614.90,97.36,100.00,2400.00,1.8402,65.30,0
462,2539.36,96.73,100.00,2400.00,1.839,65.90,0
463,2637.57,97.10,100.00,2400.00,1.8392,65.30,0
464,2539.76,97.74,100.00,2400.00,1.8395,65.90,0
465,2584.14,97.26,100.00,2400.00,1.8397,65.90,0
466,2629.10,95.70,100.00,2400.00,1.8394,65.90,0
467,2551.76,97.07,100.00,2400.00,1.8374,65.90,0
468,2646.53,96.33,100.00,2400.00,1.8404,65.90,0
469,2576.94,96.71,100.00,2400.00,1.84,65.90,0
470,2617.54,97.29,100.00,2400.00,1.8381,66.40,0
471,2581.36,96.86,100.00,2400.00,1.8393,65.90,0
472,2494.01,96.59,100.00,2400.00,1.8413,65.90,0
473,2507.16,97.18,100.00,2400.00,1.8418,65.90,0
474,2576.94,96.91,100.00,2400.00,1.8406,65.90,0
475,2468.05,97.54,100.00,2400.00,1.8405,66.40,0
476,2576.78,97.35,100.00,2400.00,1.8402,67.00,0
477,2557.85,97.78,100.00,2400.00,1.8399,66.40,0
478,2505.85,97.96,100.00,2400.00,1.8396,67.50,0
479,2549.79,97.86,100.00,2400.00,1.8403,67.00,0
480,2583.78,95.36,100.00,2400.00,1.84,67.00,0
481,2549.52,97.41,100.00,2400.00,1.8394,67.00,0
482,2505.50,98.28,100.00,2400.00,1.8401,67.00,0
483,2572.64,96.93,100.00,2400.00,1.835,67.00,0
484,2589.13,96.05,100.00,2400.00,1.8394,67.50,0
485,2563.65,97.87,100.00,2400.00,1.8395,67.50,0
486,2509.29,97.83,100.00,2400.00,1.8397,67.50,0
487,2592.64,96.58,100.00,2400.00,1.8391,67.50,0
488,2571.53,95.66,100.00,2400.00,1.8416,67.00,0
489,2515.75,97.75,100.00,2400.00,1.8409,67.00,0
490,2571.38,97.03,100.00,2400.00,1.8404,67.00,0
491,2564.16,96.43,100.00,2400.00,1.8407,67.50,0
492,2523.71,96.84,100.00,2400.00,1.8398,67.50,0
493,2516.95,97.23,100.00,2400.00,1.8394,67.50,0
494,2686.98,97.00,100.00,2400.00,1.8407,67.50,0
495,2587.60,97.42,100.00,2400.00,1.8407,67.50,0
496,2580.05,97.30,100.00,2400.00,1.8418,67.50,0
497,2619.25,97.64,100.00,2400.00,1.8402,68.10,0
498,2591.25,96.12,100.00,2400.00,1.8406,67.50,0
499,2557.01,97.27,100.00,2400.00,1.8398,68.10,0
500,2575.16,97.58,100.00,2400.00,1.8399,67.50,0
501,2552.55,96.53,100.00,2400.00,1.8393,67.50,0
502,2590.63,96.80,100.00,2400.00,1.8398,67.50,0
503,2525.30,96.96,100.00,2400.00,1.8404,68.10,0
504,2583.55,96.75,100.00,2400.00,1.8395,67.50,0
505,2514.01,97.08,100.00,2400.00,1.8411,68.10,0
506,2544.71,98.08,100.00,2400.00,1.8408,68.10,0
507,2628.15,97.10,100.00,2400.00,1.8402,67.50,0
508,2525.04,97.51,100.00,2400.00,1.839,68.60,0
509,2567.39,96.81,100.00,2400.00,1.839,68.60,0
510,2638.79,96.84,100.00,2400.00,1.8406,68.10,0
511,2532.00,96.86,100.00,2400.00,1.8394,68.10,0
512,2642.77,97.81,100.00,2400.00,1.8398,67.50,0
513,2576.83,96.99,100.00,2400.00,1.8401,67.50,0
514,2599.13,96.72,100.00,2400.00,1.8398,69.20,0
515,2566.16,96.48,100.00,2400.00,1.8399,68.10,0
516,2594.46,96.92,100.00,2400.00,1.8401,68.60,0
517,2574.37,97.78,100.00,2400.00,1.8394,68.10,0
518,2589.70,96.10,100.00,2400.00,1.8409,67.50,0
519,2671.02,96.40,100.00,2400.00,1.8402,68.60,0
520,2489.52,97.41,100.00,2400.00,1.841,68.60,0
521,2559.39,96.66,100.00,2400.00,1.8408,68.10,0
522,2560.36,97.08,100.00,2400.00,1.8389,68.10,0
523,2618.43,96.21,100.00,2400.00,1.8401,68.10,0
524,2626.11,96.86,100.00,2400.00,1.8401,67.50,0
525,2605.16,96.79,100.00,2400.00,1.8411,67.50,0
526,2631.80,96.37,100.00,2400.00,1.8407,67.50,0
527,2585.77,96.99,100.00,2400.00,1.8409,68.10,0
528,2502.62,97.46,100.00,2400.00,1.8401,67.00,0
529,2544.18,96.75,100.00,2400.00,1.8399,67.50,0
530,2579.98,97.52,100.00,2400.00,1.8391,67.50,0
531,2568.42,97.10,100.00,2400.00,1.8395,67.50,0
532,2635.81,96.91,100.00,2400.00,1.8396,67.50,0
533,2632.06,97.36,100.00,2400.00,1.8399,67.50,0
534,2581.20,96.89,100.00,2400.00,1.8389,66.40,0
535,2552.46,97.12,100.00,2400.00,1.8394,67.50,0
536,2526.09,97.68,100.00,2400.00,1.8389,67.00,0
537,2681.75,96.98,100.00,2400.00,1.8407,67.00,0
538,2593.83,97.26,100.00,2400.00,1.8412,66.40,0
539,2527.58,97.12,100.00,2400.00,1.8403,67.00,0
540,2408.83,96.98,100.00,2400.00,1.8409,66.40,0
541,2574.94,96.37,100.00,2400.00,1.8419,66.40,0
542,2559.74,96.53,100.00,2400.00,1.8409,66.40,0
543,2625.99,97.15,100.00,2400.00,1.8411,65.90,0
544,2556.18,97.53,100.00,2400.00,1.8398,66.40,0
545,2519.02,97.32,100.00,2400.00,1.8399,66.40,0
546,2612.31,96.17,100.00,2400.00,1.8396,66.40,0
547,2571.07,97.07,100.00,2400.00,1.8396,65.90,0
548,2514.54,96.68,100.00,2400.00,1.8424,67.00,0
549,2461.38,96.62,100.00,2400.00,1.8436,66.40,0
550,2634.00,97.06,100.00,2400.00,1.8412,67.00,0
551,2635.53,97.45,100.00,2400.00,1.8402,65.90,0
552,2680.57,96.27,100.00,2400.00,1.8408,65.30,0
553,2635.47,97.10,100.00,2400.00,1.8412,65.30,0
554,2503.65,97.10,100.00,2400.00,1.8414,66.40,0
555,2614.90,97.17,100.00,2400.00,1.8413,65.30,0
556,2584.87,97.24,100.00,2400.00,1.8409,65.90,0
557,2575.00,97.18,100.00,2400.00,1.8409,65.90,0
558,2626.86,96.81,100.00,2400.00,1.8407,65.30,0
559,2510.39,96.57,100.00,2400.00,1.8408,65.30,0
560,2535.73,97.36,100.00,2400.00,1.8403,65.30,0
561,2600.37,97.18,100.00,2400.00,1.84,65.30,0
562,2630.40,96.79,100.00,2400.00,1.8399,65.30,0
563,2615.34,96.57,100.00,2400.00,1.84,65.30,0
564,2523.96,97.70,100.00,2400.00,1.841,65.30,0
565,2610.71,96.55,100.00,2400.00,1.8407,65.30,0
566,2567.60,97.82,100.00,2400.00,1.8396,65.90,0
567,2580.50,97.44,100.00,2400.00,1.84,65.90,0
568,2553.01,96.70,100.00,2400.00,1.8403,65.30,0
569,2601.89,96.76,100.00,2400.00,1.841,65.90,0
570,2655.98,97.23,100.00,2400.00,1.8416,66.40,0
571,2623.80,96.78,100.00,2400.00,1.8401,65.30,0
572,2537.92,96.83,100.00,2400.00,1.8394,66.40,0
573,2544.88,97.21,100.00,2400.00,1.8414,66.40,0
574,2540.03,97.21,100.00,2400.00,1.843,67.00,0
575,2639.59,97.14,100.00,2400.00,1.8415,66.40,0
576,2590.17,96.88,100.00,2400.00,1.8412,66.40,0
577,2588.82,95.94,100.00,2400.00,1.8413,66.40,0
578,2558.35,96.07,100.00,2400.00,1.8421,66.40,0
579,2637.57,96.95,100.00,2400.00,1.8401,65.90,0
580,2560.31,97.25,100.00,2400.00,1.841,66.40,0
581,2606.09,96.47,100.00,2400.00,1.8417,67.00,0
582,2503.70,97.02,100.00,2400.00,1.8423,66.40,0
583,2553.40,96.05,100.00,2400.00,1.8413,66.40,0
584,2548.10,96.88,100.00,2400.00,1.8416,67.50,0
585,2559.27,96.86,100.00,2400.00,1.8411,67.00,0
