frame,latency_ms,cpu_avg,cpu_max,freq_avg,ram_used,temp_max,throttle_count
0,333.08,88.68,100.00,2400.00,1.0257,56.00,0
1,348.93,92.71,100.00,2400.00,1.0265,56.50,0
2,312.51,93.98,100.00,2400.00,1.0283,57.10,0
3,330.22,92.63,100.00,2400.00,1.0285,57.10,0
4,340.90,91.32,100.00,2400.00,1.033,56.00,0
5,325.57,92.81,100.00,2400.00,1.0327,56.50,0
6,343.05,93.85,100.00,2400.00,1.0306,56.50,0
7,357.14,92.07,100.00,2400.00,1.029,56.50,0
8,323.91,93.80,100.00,2400.00,1.0255,57.10,0
9,317.28,93.05,100.00,2400.00,1.0246,58.20,0
10,335.03,94.49,100.00,2400.00,1.0206,57.10,0
11,322.36,94.76,100.00,2400.00,1.0197,57.10,0
12,317.91,94.12,100.00,2400.00,1.0182,57.60,0
13,333.09,91.12,100.00,2400.00,1.017,58.70,0
14,319.50,93.81,100.00,2400.00,1.0138,57.60,0
15,318.07,94.75,100.00,2400.00,1.0125,57.10,0
16,319.54,93.17,100.00,2400.00,1.0065,57.10,0
17,322.49,93.48,100.00,2400.00,1.0068,58.20,0
18,310.93,94.25,100.00,2400.00,1.0094,58.20,0
19,322.51,90.23,100.00,2400.00,1.0075,57.60,0
20,331.73,92.96,100.00,2400.00,1.0032,57.60,0
21,319.77,95.60,100.00,2400.00,1.0039,58.20,0
22,339.77,90.48,100.00,2400.00,0.9997,57.60,0
23,328.42,93.29,100.00,2400.00,1.001,58.20,0
24,339.11,94.19,100.00,2400.00,1.0016,58.70,0
25,324.10,95.70,100.00,2400.00,1.0016,58.70,0
26,326.13,93.21,100.00,2400.00,0.9974,59.30,0
27,324.32,94.45,100.00,2400.00,0.9986,58.20,0
28,332.48,95.94,100.00,2400.00,0.9937,58.70,0
29,328.17,92.57,100.00,2400.00,0.9947,58.20,0
30,325.08,93.68,100.00,2400.00,0.9959,58.70,0
31,320.36,94.52,100.00,2400.00,0.9959,58.70,0
32,329.55,93.29,100.00,2400.00,0.9918,58.70,0
33,344.92,92.81,100.00,2400.00,0.9917,58.20,0
34,374.72,89.52,100.00,2400.00,0.9874,58.20,0
35,421.85,94.14,100.00,2400.00,0.989,58.20,0
36,388.41,94.35,100.00,2400.00,0.9872,58.20,0
37,359.04,94.03,100.00,2400.00,0.9872,58.70,0
38,334.63,91.62,100.00,2400.00,0.989,58.70,0
39,410.16,93.69,100.00,2400.00,0.9868,58.70,0
40,412.57,90.42,100.00,2400.00,0.987,58.20,0
41,409.35,92.19,100.00,2400.00,0.9867,58.70,0
42,373.10,93.11,100.00,2400.00,0.9833,58.70,0
43,361.45,89.82,100.00,2400.00,0.9855,58.20,0
44,359.88,90.03,100.00,2400.00,0.9852,59.30,0
45,328.09,94.34,100.00,2400.00,0.9854,58.70,0
46,330.71,95.49,100.00,2400.00,0.9867,58.70,0
47,298.67,94.37,100.00,2400.00,0.9867,59.80,0
48,332.54,93.25,100.00,2400.00,0.987,58.70,0
49,338.88,92.78,100.00,2400.00,0.9869,59.80,0
50,316.89,93.50,100.00,2400.00,0.9857,59.80,0
51,319.33,93.11,100.00,2400.00,0.9861,59.80,0
52,321.53,94.09,100.00,2400.00,0.9853,59.30,0
53,305.38,93.13,100.00,2400.00,0.9843,59.80,0
54,323.14,94.43,100.00,2400.00,0.9851,60.40,0
55,323.24,92.92,100.00,2400.00,0.9851,59.80,0
56,308.38,93.75,100.00,2400.00,0.9837,60.40,0
57,313.27,93.84,100.00,2400.00,0.9837,60.40,0
58,323.42,89.26,100.00,2400.00,0.9823,60.40,0
59,342.80,90.85,100.00,2400.00,0.9823,59.80,0
60,368.98,94.38,100.00,2400.00,0.9861,59.80,0
61,348.89,92.55,100.00,2400.00,0.9862,59.80,0
62,319.36,95.91,100.00,2400.00,0.9845,60.40,0
63,304.64,93.46,100.00,2400.00,0.9849,60.90,0
64,315.95,93.75,100.00,2400.00,0.9833,59.80,0
65,304.72,92.91,100.00,2400.00,0.9835,59.80,0
66,310.28,93.99,100.00,2400.00,0.9847,60.40,0
67,324.65,92.82,100.00,2400.00,0.9847,60.90,0
68,342.35,93.95,100.00,2400.00,0.983,60.40,0
69,373.96,93.15,100.00,2400.00,0.9839,59.80,0
70,380.27,95.11,100.00,2400.00,0.9818,59.80,0
71,358.80,92.08,100.00,2400.00,0.9822,60.40,0
72,361.54,94.06,100.00,2400.00,0.9816,60.40,0
73,332.21,93.00,100.00,2400.00,0.9819,59.80,0
74,366.13,89.43,100.00,2400.00,0.983,60.40,0
75,359.57,91.39,100.00,2400.00,0.9828,59.80,0
76,388.01,93.05,100.00,2400.00,0.9805,60.90,0
77,392.62,89.08,100.00,2400.00,0.9824,59.80,0
78,381.17,90.11,100.00,2400.00,0.9789,59.80,0
79,336.50,95.22,100.00,2400.00,0.9807,59.80,0
80,339.29,92.63,100.00,2400.00,0.9814,60.90,0
81,342.67,92.67,100.00,2400.00,0.9817,59.80,0
82,381.90,91.44,100.00,2400.00,0.9826,59.80,0
83,382.85,89.59,100.00,2400.00,0.9826,59.80,0
84,353.66,88.78,100.00,2400.00,0.9801,59.80,0
85,335.48,92.92,100.00,2400.00,0.9817,59.80,0
86,379.29,95.71,100.00,2400.00,0.9791,60.40,0
87,392.36,87.56,100.00,2400.00,0.9807,59.80,0
88,362.65,93.51,100.00,2400.00,0.9787,59.80,0
89,314.63,94.17,100.00,2400.00,0.9789,59.80,0
90,327.83,93.78,100.00,2400.00,0.9823,61.50,0
91,386.84,88.34,100.00,2400.00,0.9823,59.80,0
92,392.57,86.98,100.00,2400.00,0.9811,60.40,0
93,371.98,92.06,100.00,2400.00,0.9825,60.40,0
94,329.05,93.88,100.00,2400.00,0.983,60.40,0
95,324.02,93.90,100.00,2400.00,0.9833,60.40,0
96,347.13,90.87,100.00,2400.00,0.9834,60.90,0
97,310.91,94.46,100.00,2400.00,0.9835,60.90,0
98,329.46,92.34,100.00,2400.00,0.9839,60.40,0
99,341.35,93.09,100.00,2400.00,0.9837,60.90,0
100,329.06,94.05,100.00,2400.00,0.9806,61.50,0
101,336.46,93.40,100.00,2400.00,0.9833,60.40,0
102,335.03,93.52,100.00,2400.00,0.9819,60.90,0
103,319.53,94.24,100.00,2400.00,0.982,60.90,0
104,321.02,93.97,100.00,2400.00,0.9837,61.50,0
105,332.68,92.24,100.00,2400.00,0.9842,60.40,0
106,326.43,93.10,100.00,2400.00,0.9829,60.40,0
107,322.73,92.84,100.00,2400.00,0.9841,60.40,0
108,328.08,93.57,100.00,2400.00,0.9817,60.40,0
109,320.01,94.59,100.00,2400.00,0.9827,60.90,0
110,330.09,93.60,100.00,2400.00,0.9833,60.90,0
111,319.48,93.00,100.00,2400.00,0.9833,60.90,0
112,314.42,92.95,100.00,2400.00,0.981,60.90,0
113,326.32,92.33,100.00,2400.00,0.9826,60.90,0
114,339.74,92.87,100.00,2400.00,0.9801,61.50,0
115,317.35,92.96,100.00,2400.00,0.9804,60.40,0
116,316.34,92.47,100.00,2400.00,0.9829,60.90,0
117,325.96,93.72,100.00,2400.00,0.983,60.90,0
118,324.77,92.25,100.00,2400.00,0.9811,60.90,0
119,317.25,94.05,100.00,2400.00,0.9821,60.40,0
120,333.73,93.43,100.00,2400.00,0.9824,62.00,0
121,327.44,93.15,100.00,2400.00,0.9827,62.00,0
122,334.55,92.32,100.00,2400.00,0.9821,60.90,0
123,333.72,93.27,100.00,2400.00,0.9825,60.90,0
124,329.24,92.22,100.00,2400.00,0.9823,60.90,0
125,334.10,91.29,100.00,2400.00,0.9827,61.50,0
126,321.24,94.28,100.00,2400.00,0.9803,60.90,0
127,325.68,92.85,100.00,2400.00,0.9811,60.40,0
128,331.25,93.67,100.00,2400.00,0.9818,60.40,0
129,325.35,91.68,100.00,2400.00,0.9827,60.90,0
130,337.93,94.20,100.00,2400.00,0.9806,60.90,0
131,334.20,91.25,100.00,2400.00,0.9808,60.90,0
132,310.69,95.23,100.00,2400.00,0.9817,61.50,0
133,326.25,91.82,100.00,2400.00,0.9834,60.90,0
134,336.00,93.15,100.00,2400.00,0.983,60.90,0
135,315.57,94.01,100.00,2400.00,0.983,61.50,0
136,332.87,93.88,100.00,2400.00,0.9819,62.00,0
137,327.54,90.30,100.00,2400.00,0.9819,61.50,0
138,324.55,94.23,100.00,2400.00,0.9825,60.90,0
139,322.98,93.80,100.00,2400.00,0.9836,62.00,0
140,332.92,93.16,100.00,2400.00,0.9824,61.50,0
141,324.24,93.60,100.00,2400.00,0.9824,61.50,0
142,320.99,91.93,100.00,2400.00,0.9828,61.50,0
143,333.32,91.33,100.00,2400.00,0.9828,62.00,0
144,318.22,94.27,100.00,2400.00,0.9819,62.00,0
145,329.22,93.29,100.00,2400.00,0.9829,61.50,0
146,336.71,94.59,100.00,2400.00,0.9816,61.50,0
147,316.91,90.36,100.00,2400.00,0.9817,60.90,0
148,319.02,89.67,100.00,2400.00,0.9823,61.50,0
149,321.35,95.07,100.00,2400.00,0.9825,61.50,0
150,330.45,92.79,100.00,2400.00,0.9797,60.90,0
151,321.72,93.36,100.00,2400.00,0.9822,61.50,0
152,339.64,92.83,100.00,2400.00,0.9816,60.90,0
153,328.90,92.30,100.00,2400.00,0.9816,61.50,0
154,326.14,95.25,100.00,2400.00,0.985,60.90,0
155,328.87,93.98,100.00,2400.00,0.9847,61.50,0
156,330.34,92.68,100.00,2400.00,0.9828,61.50,0
157,334.03,94.74,100.00,2400.00,0.9843,60.90,0
158,332.39,92.99,100.00,2400.00,0.9814,61.50,0
159,330.69,93.07,100.00,2400.00,0.9814,61.50,0
160,341.70,93.45,100.00,2400.00,0.9829,62.00,0
161,321.65,95.55,100.00,2400.00,0.9838,60.90,0
162,327.05,90.60,100.00,2400.00,0.9834,61.50,0
163,340.67,94.34,100.00,2400.00,0.9838,62.00,0
164,308.79,93.68,100.00,2400.00,0.9842,61.50,0
165,326.32,90.57,100.00,2400.00,0.9855,60.90,0
166,355.06,92.44,100.00,2400.00,0.9842,60.90,0
167,329.50,92.17,100.00,2400.00,0.9843,61.50,0
168,327.31,93.94,100.00,2400.00,0.9839,62.00,0
169,331.36,92.77,100.00,2400.00,0.9841,60.90,0
170,310.45,95.45,100.00,2400.00,0.9822,61.50,0
171,321.59,92.47,100.00,2400.00,0.9847,60.90,0
172,329.26,90.94,100.00,2400.00,0.9832,61.50,0
173,317.68,93.82,100.00,2400.00,0.9845,61.50,0
174,333.37,92.32,100.00,2400.00,0.9864,62.00,0
175,312.36,94.75,100.00,2400.00,0.9861,61.50,0
176,329.91,92.53,100.00,2400.00,0.9866,61.50,0
177,325.85,92.25,100.00,2400.00,0.987,62.00,0
178,338.24,92.64,100.00,2400.00,0.9849,62.60,0
179,314.11,93.68,100.00,2400.00,0.9849,62.00,0
180,336.54,93.28,100.00,2400.00,0.9855,61.50,0
181,330.51,94.74,100.00,2400.00,0.9857,61.50,0
182,318.65,94.09,100.00,2400.00,0.9839,61.50,0
183,315.32,92.22,100.00,2400.00,0.9848,61.50,0
184,326.28,94.43,100.00,2400.00,0.9848,61.50,0
185,324.07,94.58,100.00,2400.00,0.985,62.00,0
186,325.52,93.13,100.00,2400.00,0.9867,62.00,0
187,331.09,94.74,100.00,2400.00,0.9867,61.50,0
188,326.38,93.71,100.00,2400.00,0.9844,61.50,0
189,332.46,93.84,100.00,2400.00,0.9842,62.00,0
190,327.38,93.89,100.00,2400.00,0.9839,60.90,0
191,332.47,92.72,100.00,2400.00,0.9842,62.00,0
192,325.16,93.74,100.00,2400.00,0.9838,61.50,0
193,332.25,93.40,100.00,2400.00,0.9835,62.00,0
194,327.65,93.08,100.00,2400.00,0.9812,61.50,0
195,327.77,95.23,100.00,2400.00,0.9829,61.50,0
196,321.30,93.69,100.00,2400.00,0.9832,61.50,0
197,325.42,93.22,100.00,2400.00,0.9836,62.60,0
198,326.35,92.35,100.00,2400.00,0.9823,62.00,0
199,324.04,93.97,100.00,2400.00,0.9824,61.50,0
200,331.13,93.67,100.00,2400.00,0.9835,61.50,0
201,327.04,92.16,100.00,2400.00,0.9836,62.00,0
202,307.55,93.22,100.00,2400.00,0.9823,61.50,0
203,324.72,92.48,100.00,2400.00,0.9843,61.50,0
204,339.15,90.71,100.00,2400.00,0.9834,62.00,0
205,324.54,95.27,100.00,2400.00,0.9834,61.50,0
206,341.58,93.39,100.00,2400.00,0.9854,61.50,0
207,329.27,93.16,100.00,2400.00,0.9854,62.60,0
208,315.57,95.15,100.00,2400.00,0.9847,61.50,0
209,328.32,92.63,100.00,2400.00,0.9853,62.00,0
210,318.89,93.27,100.00,2400.00,0.9828,63.10,0
211,314.85,94.86,100.00,2400.00,0.9821,62.00,0
212,330.25,95.32,100.00,2400.00,0.9842,62.60,0
213,332.41,93.72,100.00,2400.00,0.9843,62.00,0
214,315.96,93.35,100.00,2400.00,0.9825,61.50,0
215,335.08,94.16,100.00,2400.00,0.9831,63.10,0
216,337.84,92.27,100.00,2400.00,0.9811,62.00,0
217,315.90,93.28,100.00,2400.00,0.9811,62.00,0
218,337.27,95.90,100.00,2400.00,0.9838,62.60,0
219,328.93,95.01,100.00,2400.00,0.9839,61.50,0
220,318.31,94.00,100.00,2400.00,0.9813,62.00,0
221,323.84,93.84,100.00,2400.00,0.9827,62.00,0
222,333.10,94.19,100.00,2400.00,0.9808,62.00,0
223,333.65,95.72,100.00,2400.00,0.9818,62.00,0
224,319.31,93.18,100.00,2400.00,0.9841,62.00,0
225,330.41,93.36,100.00,2400.00,0.9839,62.00,0
226,329.54,93.85,100.00,2400.00,0.9824,62.00,0
227,340.89,92.32,100.00,2400.00,0.9839,62.60,0
228,327.58,92.02,100.00,2400.00,0.9818,63.10,0
229,330.33,92.90,100.00,2400.00,0.9823,62.00,0
230,336.01,93.97,100.00,2400.00,0.9847,62.00,0
231,320.79,90.98,100.00,2400.00,0.9853,62.00,0
232,343.60,92.64,100.00,2400.00,0.9834,62.00,0
233,326.54,93.55,100.00,2400.00,0.9834,62.60,0
234,319.65,94.18,100.00,2400.00,0.9794,62.00,0
235,324.89,94.10,100.00,2400.00,0.9817,62.00,0
236,340.87,90.95,100.00,2400.00,0.9805,62.00,0
237,313.81,94.01,100.00,2400.00,0.9808,62.00,0
238,329.85,91.11,100.00,2400.00,0.9826,62.00,0
239,325.83,92.95,100.00,2400.00,0.982,61.50,0
240,326.08,91.75,100.00,2400.00,0.9811,61.50,0
241,328.63,93.71,100.00,2400.00,0.9827,62.00,0
242,319.70,91.45,100.00,2400.00,0.9804,62.00,0
243,314.96,95.19,100.00,2400.00,0.9804,62.60,0
244,334.34,92.64,100.00,2400.00,0.9836,61.50,0
245,322.47,95.76,100.00,2400.00,0.9836,62.60,0
246,318.67,92.55,100.00,2400.00,0.9838,62.00,0
247,336.66,91.58,100.00,2400.00,0.9839,62.00,0
248,345.20,91.13,100.00,2400.00,0.9836,62.00,0
249,326.05,93.88,100.00,2400.00,0.9844,62.00,0
250,328.68,91.82,100.00,2400.00,0.9844,62.60,0
251,327.05,93.57,100.00,2400.00,0.9849,62.00,0
252,317.08,93.97,100.00,2400.00,0.9834,63.10,0
253,341.12,94.91,100.00,2400.00,0.9842,62.60,0
254,330.32,93.23,100.00,2400.00,0.9834,63.10,0
255,329.13,93.79,100.00,2400.00,0.9841,62.00,0
256,317.94,93.61,100.00,2400.00,0.9837,63.10,0
257,339.76,93.03,100.00,2400.00,0.9837,62.00,0
258,324.17,93.00,100.00,2400.00,0.9843,61.50,0
259,324.78,93.00,100.00,2400.00,0.985,62.00,0
260,328.39,93.17,100.00,2400.00,0.9845,61.50,0
261,329.42,89.91,100.00,2400.00,0.9841,62.00,0
262,337.34,96.00,100.00,2400.00,0.9861,62.60,0
263,325.22,93.78,100.00,2400.00,0.9861,62.00,0
264,336.92,90.19,100.00,2400.00,0.9864,62.60,0
265,337.90,94.82,100.00,2400.00,0.9862,61.50,0
266,324.85,94.29,100.00,2400.00,0.9856,62.60,0
267,327.73,92.54,100.00,2400.00,0.9864,62.00,0
268,319.77,95.25,100.00,2400.00,0.9842,63.10,0
269,316.87,91.42,100.00,2400.00,0.9846,62.00,0
270,333.71,92.64,100.00,2400.00,0.9857,62.60,0
271,334.73,91.89,100.00,2400.00,0.986,62.60,0
272,310.95,95.93,100.00,2400.00,0.985,62.60,0
273,339.41,89.07,100.00,2400.00,0.9857,62.00,0
274,332.14,92.90,100.00,2400.00,0.985,62.60,0
275,313.05,95.02,100.00,2400.00,0.9847,62.60,0
276,331.34,92.95,100.00,2400.00,0.9842,63.10,0
277,320.84,94.47,100.00,2400.00,0.9846,62.60,0
278,321.11,94.79,100.00,2400.00,0.9836,62.60,0
279,327.44,91.08,100.00,2400.00,0.9847,62.00,0
280,335.96,92.57,100.00,2400.00,0.985,62.00,0
281,317.04,94.67,100.00,2400.00,0.9851,62.00,0
282,328.22,92.98,100.00,2400.00,0.9853,62.00,0
283,324.27,93.05,100.00,2400.00,0.9855,62.00,0
284,315.42,93.67,100.00,2400.00,0.9844,62.00,0
285,334.74,94.17,100.00,2400.00,0.9849,62.60,0
286,332.22,94.56,100.00,2400.00,0.9834,62.00,0
287,321.01,95.03,100.00,2400.00,0.9836,63.10,0
288,329.06,90.99,100.00,2400.00,0.9841,62.60,0
289,327.57,93.32,100.00,2400.00,0.9841,63.10,0
290,329.53,94.27,100.00,2400.00,0.9804,62.60,0
291,330.05,97.19,100.00,2400.00,0.9828,62.60,0
292,329.56,92.71,100.00,2400.00,0.9858,62.00,0
293,327.87,94.76,100.00,2400.00,0.9859,62.60,0
294,322.54,94.70,100.00,2400.00,0.9836,62.60,0
295,336.62,90.32,100.00,2400.00,0.984,62.00,0
296,327.98,95.10,100.00,2400.00,0.9835,63.10,0
297,339.89,90.88,100.00,2400.00,0.9848,63.10,0
298,324.20,93.64,100.00,2400.00,0.9827,63.10,0
299,327.61,93.30,100.00,2400.00,0.9856,62.00,0
300,329.25,93.01,100.00,2400.00,0.9838,63.10,0
301,334.78,93.71,100.00,2400.00,0.9841,62.00,0
302,327.07,92.07,100.00,2400.00,0.9838,62.00,0
303,333.16,93.44,100.00,2400.00,0.9838,62.60,0
304,320.04,92.95,100.00,2400.00,0.9829,62.60,0
305,333.58,92.88,100.00,2400.00,0.9839,62.60,0
306,326.35,94.03,100.00,2400.00,0.9829,62.60,0
307,310.40,95.56,100.00,2400.00,0.9836,63.10,0
308,332.08,93.25,100.00,2400.00,0.9848,62.60,0
309,322.19,92.62,100.00,2400.00,0.985,62.60,0
310,310.61,94.25,100.00,2400.00,0.9838,63.10,0
311,324.02,90.81,100.00,2400.00,0.9847,62.00,0
312,330.23,92.82,100.00,2400.00,0.9829,62.60,0
313,311.60,94.59,100.00,2400.00,0.9836,62.60,0
314,329.48,92.54,100.00,2400.00,0.9842,62.60,0
315,322.43,93.85,100.00,2400.00,0.9841,62.60,0
316,330.92,94.09,100.00,2400.00,0.9825,62.60,0
317,335.90,92.39,100.00,2400.00,0.9843,62.60,0
318,342.65,91.15,100.00,2400.00,0.9846,62.00,0
319,327.62,94.18,100.00,2400.00,0.9843,63.10,0
320,333.34,95.38,100.00,2400.00,0.9827,63.70,0
321,328.96,94.60,100.00,2400.00,0.9823,62.60,0
322,323.20,95.01,100.00,2400.00,0.9802,62.00,0
323,334.67,91.45,100.00,2400.00,0.9819,63.10,0
324,333.08,95.62,100.00,2400.00,0.9791,62.60,0
325,317.50,92.95,100.00,2400.00,0.9796,63.10,0
326,336.39,91.48,100.00,2400.00,0.9805,62.60,0
327,329.06,94.89,100.00,2400.00,0.9807,63.10,0
328,318.38,93.95,100.00,2400.00,0.9819,62.60,0
329,323.07,93.35,100.00,2400.00,0.9833,62.60,0
330,327.63,92.90,100.00,2400.00,0.9811,63.10,0
331,329.10,94.56,100.00,2400.00,0.9811,62.60,0
332,319.06,94.20,100.00,2400.00,0.9828,62.60,0
333,326.88,93.22,100.00,2400.00,0.9828,62.60,0
334,329.19,93.06,100.00,2400.00,0.9799,63.10,0
335,323.64,94.32,100.00,2400.00,0.9823,62.60,0
336,333.07,89.97,100.00,2400.00,0.9792,63.10,0
337,328.20,92.41,100.00,2400.00,0.9808,63.10,0
338,334.62,92.98,100.00,2400.00,0.9821,62.60,0
339,333.70,94.41,100.00,2400.00,0.9824,63.10,0
340,320.76,93.44,100.00,2400.00,0.9831,62.60,0
341,322.28,94.10,100.00,2400.00,0.9831,62.60,0
342,330.23,92.85,100.00,2400.00,0.9801,62.60,0
343,330.72,92.21,100.00,2400.00,0.9817,62.60,0
344,321.54,93.93,100.00,2400.00,0.9797,63.10,0
345,323.29,93.70,100.00,2400.00,0.9799,63.10,0
346,329.42,90.50,100.00,2400.00,0.9828,62.60,0
347,319.09,94.26,100.00,2400.00,0.9832,63.10,0
348,326.20,91.11,100.00,2400.00,0.981,63.10,0
349,328.08,93.04,100.00,2400.00,0.9825,62.00,0
350,318.31,92.73,100.00,2400.00,0.9805,63.10,0
351,314.63,95.57,100.00,2400.00,0.9801,63.10,0
352,332.51,93.80,100.00,2400.00,0.9825,62.00,0
353,325.38,94.36,100.00,2400.00,0.9825,63.70,0
354,312.29,95.15,100.00,2400.00,0.982,63.10,0
355,337.24,92.85,100.00,2400.00,0.9842,62.60,0
356,316.22,96.10,100.00,2400.00,0.9813,62.60,0
357,309.46,95.61,100.00,2400.00,0.9815,62.60,0
358,334.87,92.37,100.00,2400.00,0.985,62.00,0
359,309.17,95.03,100.00,2400.00,0.985,64.20,0
360,309.77,94.93,100.00,2400.00,0.9817,63.10,0
361,337.60,91.65,100.00,2400.00,0.9825,63.10,0
362,319.32,95.15,100.00,2400.00,0.9804,63.10,0
363,307.72,92.48,100.00,2400.00,0.9803,63.10,0
364,341.10,91.00,100.00,2400.00,0.9831,62.60,0
365,317.53,95.39,100.00,2400.00,0.9831,63.10,0
366,314.43,95.02,100.00,2400.00,0.98,63.10,0
367,337.64,92.15,100.00,2400.00,0.9828,62.60,0
368,339.09,93.32,100.00,2400.00,0.9816,62.60,0
369,312.89,93.13,100.00,2400.00,0.9822,62.60,0
370,346.39,92.84,100.00,2400.00,0.9835,63.10,0
371,342.38,87.97,100.00,2400.00,0.9837,63.10,0
372,331.60,94.29,100.00,2400.00,0.982,62.60,0
373,333.61,91.40,100.00,2400.00,0.9829,62.60,0
374,334.45,93.55,100.00,2400.00,0.9812,62.60,0
375,325.10,90.66,100.00,2400.00,0.9813,63.10,0
376,320.02,92.83,100.00,2400.00,0.9824,62.60,0
377,332.08,93.83,100.00,2400.00,0.9825,62.60,0
378,342.30,91.85,100.00,2400.00,0.9808,63.10,0
379,344.89,92.42,100.00,2400.00,0.9829,62.60,0
380,328.90,92.55,100.00,2400.00,0.9825,62.60,0
381,336.48,92.45,100.00,2400.00,0.9827,62.60,0
382,331.60,93.58,100.00,2400.00,0.9806,62.60,0
383,324.15,93.23,100.00,2400.00,0.9811,62.60,0
384,335.94,96.48,100.00,2400.00,0.9856,63.10,0
385,314.75,94.07,100.00,2400.00,0.9857,63.10,0
386,318.44,91.35,100.00,2400.00,0.9826,62.60,0
387,337.93,95.22,100.00,2400.00,0.9839,63.10,0
388,323.19,93.89,100.00,2400.00,0.9818,63.10,0
389,321.50,91.84,100.00,2400.00,0.9818,63.70,0
390,332.58,92.65,100.00,2400.00,0.9835,63.10,0
391,310.98,92.22,100.00,2400.00,0.9834,63.10,0
392,315.42,93.74,100.00,2400.00,0.9823,63.10,0
393,331.64,94.65,100.00,2400.00,0.9829,63.70,0
394,313.67,92.59,100.00,2400.00,0.9829,63.10,0
395,321.35,92.17,100.00,2400.00,0.9837,62.60,0
396,330.45,91.88,100.00,2400.00,0.9848,63.10,0
397,311.71,96.13,100.00,2400.00,0.985,63.10,0
398,316.83,93.89,100.00,2400.00,0.9829,63.70,0
399,336.85,93.13,100.00,2400.00,0.9847,63.10,0
400,328.97,96.58,100.00,2400.00,0.9835,62.60,0
401,310.27,93.89,100.00,2400.00,0.9825,63.10,0
402,330.80,90.49,100.00,2400.00,0.9823,63.10,0
403,327.79,93.77,100.00,2400.00,0.9819,62.60,0
404,330.17,93.77,100.00,2400.00,0.9814,62.60,0
405,353.40,92.82,100.00,2400.00,0.9835,63.10,0
406,331.75,89.47,100.00,2400.00,0.9815,62.60,0
407,317.27,93.55,100.00,2400.00,0.9815,63.10,0
408,339.82,92.75,100.00,2400.00,0.9835,63.10,0
409,337.70,94.81,100.00,2400.00,0.9835,63.10,0
410,323.33,94.30,100.00,2400.00,0.9823,63.10,0
411,333.60,92.05,100.00,2400.00,0.9814,62.60,0
412,334.50,93.66,100.00,2400.00,0.981,63.10,0
413,324.55,93.90,100.00,2400.00,0.9804,63.10,0
414,326.57,92.52,100.00,2400.00,0.9829,63.10,0
415,340.15,92.52,100.00,2400.00,0.9834,63.10,0
416,329.29,92.31,100.00,2400.00,0.981,63.10,0
417,343.72,92.35,100.00,2400.00,0.981,63.10,0
418,331.55,93.28,100.00,2400.00,0.9816,62.60,0
419,329.46,93.39,100.00,2400.00,0.9842,62.60,0
420,320.38,94.40,100.00,2400.00,0.9805,63.70,0
421,330.15,94.05,100.00,2400.00,0.9814,63.10,0
422,324.37,93.90,100.00,2400.00,0.9838,62.60,0
423,321.93,93.88,100.00,2400.00,0.9833,63.10,0
424,324.16,93.77,100.00,2400.00,0.9803,63.70,0
425,333.19,92.27,100.00,2400.00,0.9827,62.60,0
426,311.02,96.06,100.00,2400.00,0.9804,63.70,0
427,318.92,91.95,100.00,2400.00,0.9805,63.10,0
428,341.81,92.46,100.00,2400.00,0.9816,63.10,0
429,339.53,90.06,100.00,2400.00,0.982,64.20,0
430,313.62,94.82,100.00,2400.00,0.9839,63.70,0
431,336.43,91.69,100.00,2400.00,0.9855,63.10,0
432,334.04,94.54,100.00,2400.00,0.9822,63.10,0
433,334.63,92.18,100.00,2400.00,0.9825,63.10,0
434,338.84,93.64,100.00,2400.00,0.9858,63.10,0
435,330.85,92.56,100.00,2400.00,0.9848,63.10,0
436,319.24,94.58,100.00,2400.00,0.9842,63.10,0
437,333.97,91.69,100.00,2400.00,0.9837,63.10,0
438,332.19,96.05,100.00,2400.00,0.9814,63.10,0
439,324.39,93.58,100.00,2400.00,0.9817,63.10,0
440,343.87,90.91,100.00,2400.00,0.9848,63.10,0
441,325.85,93.71,100.00,2400.00,0.9845,63.10,0
442,316.45,94.24,100.00,2400.00,0.9824,63.10,0
443,335.06,93.00,100.00,2400.00,0.9821,63.10,0
444,327.91,90.95,100.00,2400.00,0.983,63.10,0
445,327.73,93.33,100.00,2400.00,0.9837,63.10,0
446,346.77,91.15,100.00,2400.00,0.9833,62.60,0
447,338.84,92.44,100.00,2400.00,0.9831,63.10,0
448,324.21,91.62,100.00,2400.00,0.9832,63.10,0
449,326.42,96.26,100.00,2400.00,0.9833,63.70,0
450,322.77,93.37,100.00,2400.00,0.9803,63.10,0
451,328.78,94.70,100.00,2400.00,0.9814,63.70,0
452,313.92,94.44,100.00,2400.00,0.981,64.20,0
453,327.93,90.84,100.00,2400.00,0.9811,63.70,0
454,348.27,92.67,100.00,2400.00,0.9852,63.10,0
455,333.51,92.55,100.00,2400.00,0.9852,63.10,0
456,310.34,91.53,100.00,2400.00,0.9817,63.10,0
457,348.30,94.33,100.00,2400.00,0.9824,63.70,0
458,322.04,94.84,100.00,2400.00,0.9816,63.10,0
459,310.74,91.95,100.00,2400.00,0.9812,63.10,0
460,329.61,90.59,100.00,2400.00,0.9825,63.10,0
461,331.37,94.55,100.00,2400.00,0.9825,63.10,0
462,325.38,92.65,100.00,2400.00,0.9822,63.70,0
463,342.45,92.06,100.00,2400.00,0.9835,63.10,0
464,331.57,93.50,100.00,2400.00,0.9814,63.10,0
465,320.71,94.27,100.00,2400.00,0.9814,64.20,0
466,341.69,92.71,100.00,2400.00,0.9817,63.10,0
467,336.89,92.56,100.00,2400.00,0.982,63.70,0
468,323.65,91.20,100.00,2400.00,0.983,63.10,0
469,342.70,92.49,100.00,2400.00,0.9832,63.10,0
470,338.97,91.71,100.00,2400.00,0.9817,63.70,0
471,329.38,93.70,100.00,2400.00,0.983,63.10,0
472,317.39,93.79,100.00,2400.00,0.9814,63.10,0
473,328.36,94.99,100.00,2400.00,0.9817,64.20,0
474,327.93,94.49,100.00,2400.00,0.9833,63.10,0
475,332.37,93.27,100.00,2400.00,0.9835,63.10,0
476,331.36,89.85,100.00,2400.00,0.9829,63.10,0
477,324.50,94.16,100.00,2400.00,0.9843,63.10,0
478,321.70,94.19,100.00,2400.00,0.9823,63.10,0
479,322.77,93.07,100.00,2400.00,0.9833,63.70,0
480,343.20,91.02,100.00,2400.00,0.9846,63.70,0
481,328.50,87.74,100.00,2400.00,0.9852,63.10,0
482,317.60,92.95,100.00,2400.00,0.9846,63.70,0
483,332.63,90.56,100.00,2400.00,0.9842,63.10,0
484,320.45,93.48,100.00,2400.00,0.9844,63.70,0
485,318.06,93.49,100.00,2400.00,0.9847,63.10,0
486,332.14,92.31,100.00,2400.00,0.9843,63.10,0
487,332.37,94.55,100.00,2400.00,0.9844,63.70,0
488,309.52,97.10,100.00,2400.00,0.9819,63.10,0
489,341.79,94.56,100.00,2400.00,0.984,63.70,0
490,325.16,93.00,100.00,2400.00,0.9829,63.10,0
491,322.86,93.81,100.00,2400.00,0.9834,63.70,0
492,343.50,90.57,100.00,2400.00,0.9843,63.10,0
493,336.04,94.87,100.00,2400.00,0.9831,63.70,0
494,313.55,95.95,100.00,2400.00,0.9814,63.10,0
495,336.43,92.00,100.00,2400.00,0.9827,63.10,0
496,332.18,92.16,100.00,2400.00,0.9814,62.60,0
497,312.06,94.59,100.00,2400.00,0.9812,63.70,0
498,333.92,92.34,100.00,2400.00,0.982,63.70,0
499,333.00,93.73,100.00,2400.00,0.9823,63.10,0
500,323.35,92.98,100.00,2400.00,0.9804,62.60,0
501,335.85,91.40,100.00,2400.00,0.9815,63.70,0
502,329.59,93.06,100.00,2400.00,0.9806,63.10,0
503,328.52,92.90,100.00,2400.00,0.9822,63.70,0
504,331.06,91.37,100.00,2400.00,0.9829,63.10,0
505,334.79,93.31,100.00,2400.00,0.9834,63.10,0
506,333.96,93.21,100.00,2400.00,0.985,63.10,0
507,328.78,93.77,100.00,2400.00,0.985,63.10,0
508,330.19,92.23,100.00,2400.00,0.9835,63.70,0
509,336.45,93.52,100.00,2400.00,0.9843,63.10,0
510,325.74,94.71,100.00,2400.00,0.9803,63.10,0
511,317.66,92.79,100.00,2400.00,0.9817,63.70,0
512,339.11,93.25,100.00,2400.00,0.9846,63.10,0
513,322.00,94.93,100.00,2400.00,0.9846,63.10,0
514,322.11,93.57,100.00,2400.00,0.9821,63.10,0
515,345.20,92.09,100.00,2400.00,0.9841,63.70,0
516,324.33,92.69,100.00,2400.00,0.981,63.10,0
517,307.92,94.05,100.00,2400.00,0.9806,63.70,0
518,350.55,91.58,100.00,2400.00,0.9852,63.10,0
519,327.84,93.55,100.00,2400.00,0.9847,63.70,0
520,334.82,93.05,100.00,2400.00,0.9807,63.10,0
521,337.81,93.77,100.00,2400.00,0.9822,62.60,0
522,328.43,94.65,100.00,2400.00,0.9828,63.10,0
523,318.73,94.60,100.00,2400.00,0.9833,63.70,0
524,333.31,93.21,100.00,2400.00,0.9838,63.70,0
525,323.49,91.29,100.00,2400.00,0.9838,63.70,0
526,327.48,94.69,100.00,2400.00,0.984,63.70,0
527,336.28,93.28,100.00,2400.00,0.9845,63.10,0
528,320.90,93.87,100.00,2400.00,0.985,63.10,0
529,326.66,96.21,100.00,2400.00,0.9857,63.70,0
530,326.47,94.04,100.00,2400.00,0.9829,63.10,0
531,327.56,92.99,100.00,2400.00,0.9834,63.70,0
532,320.71,94.20,100.00,2400.00,0.9863,63.70,0
533,318.70,93.23,100.00,2400.00,0.9861,63.10,0
534,333.35,93.23,100.00,2400.00,0.9835,63.70,0
535,320.79,91.17,100.00,2400.00,0.9852,63.70,0
536,318.61,91.97,100.00,2400.00,0.9843,63.70,0
537,326.32,92.20,100.00,2400.00,0.9843,63.70,0
538,331.29,91.51,100.00,2400.00,0.9853,63.70,0
539,325.18,95.95,100.00,2400.00,0.9854,63.10,0
540,324.90,92.39,100.00,2400.00,0.9845,63.10,0
541,330.68,93.35,100.00,2400.00,0.9863,63.70,0
542,307.82,94.62,100.00,2400.00,0.9879,63.70,0
543,329.91,93.85,100.00,2400.00,0.988,63.70,0
544,330.42,93.82,100.00,2400.00,0.9868,63.70,0
545,315.37,95.06,100.00,2400.00,0.9868,63.70,0
546,323.11,93.22,100.00,2400.00,0.9864,63.70,0
547,335.02,93.23,100.00,2400.00,0.9872,64.80,0
548,317.04,90.65,100.00,2400.00,0.9845,64.20,0
549,343.65,93.03,100.00,2400.00,0.9852,63.70,0
550,339.76,91.55,100.00,2400.00,0.9861,63.70,0
551,316.82,94.85,100.00,2400.00,0.9859,63.10,0
552,315.25,93.52,100.00,2400.00,0.9847,63.10,0
553,356.03,92.46,100.00,2400.00,0.9858,63.70,0
554,326.75,92.60,100.00,2400.00,0.9865,63.70,0
555,309.82,94.40,100.00,2400.00,0.9865,63.70,0
556,340.91,90.29,100.00,2400.00,0.9848,63.10,0
557,330.37,93.90,100.00,2400.00,0.9849,64.20,0
558,326.87,94.48,100.00,2400.00,0.9847,64.20,0
559,333.33,90.14,100.00,2400.00,0.9852,64.20,0
560,327.19,92.62,100.00,2400.00,0.984,63.70,0
561,321.09,95.56,100.00,2400.00,0.9852,63.70,0
562,340.29,91.76,100.00,2400.00,0.9843,64.20,0
563,327.82,93.28,100.00,2400.00,0.984,63.70,0
564,314.10,95.25,100.00,2400.00,0.9853,63.70,0
565,339.51,92.42,100.00,2400.00,0.9852,63.70,0
566,320.70,92.50,100.00,2400.00,0.9826,63.70,0
567,309.37,93.34,100.00,2400.00,0.9833,63.70,0
568,325.76,94.65,100.00,2400.00,0.9834,63.10,0
569,327.18,93.34,100.00,2400.00,0.9835,64.20,0
570,317.41,94.45,100.00,2400.00,0.9831,63.70,0
571,324.71,91.99,100.00,2400.00,0.9833,63.70,0
572,328.05,92.83,100.00,2400.00,0.983,63.70,0
573,329.38,94.05,100.00,2400.00,0.9839,63.70,0
574,315.57,94.97,100.00,2400.00,0.9843,64.20,0
575,328.39,93.81,100.00,2400.00,0.9849,63.70,0
576,324.12,93.00,100.00,2400.00,0.9854,63.70,0
577,304.59,94.20,100.00,2400.00,0.9855,63.70,0
578,330.84,92.55,100.00,2400.00,0.9852,63.10,0
579,327.16,92.95,100.00,2400.00,0.9862,63.70,0
580,306.24,94.98,100.00,2400.00,0.9838,63.70,0
581,330.85,93.17,100.00,2400.00,0.984,63.10,0
582,333.52,92.87,100.00,2400.00,0.9861,63.10,0
583,308.82,93.90,100.00,2400.00,0.9861,64.20,0
584,324.09,92.36,100.00,2400.00,0.9839,63.10,0
585,326.85,92.95,100.00,2400.00,0.9851,63.70,0
586,326.82,93.28,100.00,2400.00,0.9835,63.70,0
587,329.84,93.02,100.00,2400.00,0.9844,63.10,0
588,339.33,90.11,100.00,2400.00,0.9838,63.10,0
589,322.18,96.00,100.00,2400.00,0.9838,64.80,0
590,327.94,91.20,100.00,2400.00,0.9824,64.20,0
591,336.64,91.43,100.00,2400.00,0.9831,63.70,0
592,312.87,93.03,100.00,2400.00,0.9835,64.20,0
593,321.15,94.09,100.00,2400.00,0.985,63.70,0
594,336.61,91.82,100.00,2400.00,0.9822,64.20,0
595,315.39,94.49,100.00,2400.00,0.9825,64.20,0
