frame,latency_ms,cpu_avg,cpu_max,freq_avg,ram_used,temp_max,throttle_count
0,139.31,86.39,100.00,2400.00,0.9621,52.10,0
1,133.73,90.62,100.00,2400.00,0.9622,52.10,0
2,138.33,87.80,100.00,2400.00,0.9622,52.10,0
3,132.56,95.62,100.00,2400.00,0.9625,52.70,0
4,139.72,90.29,100.00,2400.00,0.9657,53.20,0
5,153.47,94.60,100.00,2400.00,0.9657,53.20,0
6,146.90,91.51,100.00,2400.00,0.9682,52.70,0
7,159.32,93.72,100.00,2400.00,0.9705,52.70,0
8,158.42,89.68,100.00,2400.00,0.9703,53.20,0
9,155.63,97.38,100.00,2400.00,0.9703,53.80,0
10,160.81,90.73,100.00,2400.00,0.9707,52.70,0
11,151.09,95.29,100.00,2400.00,0.9707,52.70,0
12,136.49,89.91,100.00,2400.00,0.9677,52.70,0
13,156.32,92.89,100.00,2400.00,0.9664,53.20,0
14,157.43,89.24,100.00,2400.00,0.961,53.20,0
15,135.13,91.40,100.00,2400.00,0.961,53.80,0
16,135.93,89.51,100.00,2400.00,0.9614,53.20,0
17,174.90,95.89,100.00,2400.00,0.9582,53.80,0
18,136.81,95.07,100.00,2400.00,0.9585,53.80,0
19,125.79,84.59,100.00,2400.00,0.9591,53.80,0
20,141.90,90.74,100.00,2400.00,0.9571,53.20,0
21,126.61,91.66,100.00,2400.00,0.958,53.80,0
22,138.07,92.54,100.00,2400.00,0.9582,53.80,0
23,130.44,95.24,100.00,2400.00,0.9582,53.80,0
24,125.78,89.88,100.00,2400.00,0.957,53.80,0
25,141.72,90.71,100.00,2400.00,0.9583,54.30,0
26,126.85,89.88,100.00,2400.00,0.9588,54.30,0
27,139.51,91.28,100.00,2400.00,0.9579,53.80,0
28,132.16,95.71,100.00,2400.00,0.9559,53.80,0
29,139.40,94.28,100.00,2400.00,0.9536,54.30,0
30,171.76,83.24,100.00,2400.00,0.9542,54.30,0
31,136.83,92.13,100.00,2400.00,0.9542,54.30,0
32,156.74,91.79,100.00,2400.00,0.9529,54.30,0
33,146.92,90.41,100.00,2400.00,0.9522,54.90,0
34,157.31,87.07,100.00,2400.00,0.9469,54.90,0
35,135.31,91.66,100.00,2400.00,0.9469,54.30,0
36,156.94,97.38,100.00,2400.00,0.9487,54.30,0
37,159.66,97.07,100.00,2400.00,0.9489,54.30,0
38,149.87,82.81,100.00,2400.00,0.9495,54.30,0
39,138.61,94.86,100.00,2400.00,0.9521,54.30,0
40,158.60,97.78,100.00,2400.00,0.9479,54.30,0
41,137.40,96.01,100.00,2400.00,0.9482,54.30,0
42,150.12,92.41,100.00,2400.00,0.9488,54.90,0
43,144.44,87.97,100.00,2400.00,0.9488,55.40,0
44,145.06,87.99,100.00,2400.00,0.9503,54.30,0
45,131.52,88.39,100.00,2400.00,0.9519,54.30,0
46,154.40,87.28,100.00,2400.00,0.9472,54.30,0
47,140.35,97.03,100.00,2400.00,0.9473,54.30,0
48,149.45,86.54,100.00,2400.00,0.9479,54.30,0
49,148.51,91.66,100.00,2400.00,0.9477,54.30,0
50,157.01,94.52,100.00,2400.00,0.9447,54.30,0
51,156.99,91.14,100.00,2400.00,0.9447,54.90,0
52,144.38,94.91,100.00,2400.00,0.9484,54.90,0
53,142.38,90.76,100.00,2400.00,0.9489,55.40,0
54,144.40,91.93,100.00,2400.00,0.9462,54.90,0
55,128.60,88.20,100.00,2400.00,0.9465,55.40,0
56,137.98,87.50,100.00,2400.00,0.9479,54.30,0
57,146.52,91.81,100.00,2400.00,0.9491,55.40,0
58,147.48,91.62,100.00,2400.00,0.9549,54.90,0
59,145.90,92.23,100.00,2400.00,0.9544,55.40,0
60,143.61,88.19,100.00,2400.00,0.9494,55.40,0
61,145.28,94.56,100.00,2400.00,0.9496,54.90,0
62,141.05,92.55,100.00,2400.00,0.9514,55.40,0
63,141.41,95.37,100.00,2400.00,0.9521,56.50,0
64,147.55,83.82,100.00,2400.00,0.9489,55.40,0
65,145.06,89.14,100.00,2400.00,0.9519,54.90,0
66,133.14,87.95,100.00,2400.00,0.9475,54.90,0
67,140.43,94.61,100.00,2400.00,0.948,54.90,0
68,156.73,95.08,100.00,2400.00,0.9465,55.40,0
69,157.25,84.79,100.00,2400.00,0.9468,55.40,0
70,140.36,95.31,100.00,2400.00,0.9461,55.40,0
71,137.45,90.94,100.00,2400.00,0.9487,56.50,0
72,154.88,94.44,100.00,2400.00,0.9461,55.40,0
73,141.18,95.99,100.00,2400.00,0.9461,56.00,0
74,144.98,86.73,100.00,2400.00,0.9444,56.50,0
75,142.05,90.80,100.00,2400.00,0.9451,55.40,0
76,129.46,93.17,100.00,2400.00,0.9438,55.40,0
77,146.83,91.66,100.00,2400.00,0.9441,55.40,0
78,130.49,95.26,100.00,2400.00,0.9475,55.40,0
79,149.41,90.82,100.00,2400.00,0.9475,54.90,0
80,137.46,88.19,100.00,2400.00,0.9476,56.00,0
81,150.22,87.37,100.00,2400.00,0.9478,55.40,0
82,137.56,85.16,100.00,2400.00,0.95,55.40,0
83,140.19,92.54,100.00,2400.00,0.9506,55.40,0
84,159.91,89.09,100.00,2400.00,0.9522,56.00,0
85,148.90,86.51,100.00,2400.00,0.9526,55.40,0
86,126.39,89.77,100.00,2400.00,0.9503,55.40,0
87,151.59,88.24,100.00,2400.00,0.951,56.00,0
88,134.14,92.26,100.00,2400.00,0.9515,55.40,0
89,143.16,94.58,100.00,2400.00,0.9512,55.40,0
90,140.77,93.61,100.00,2400.00,0.9506,55.40,0
91,153.04,94.76,100.00,2400.00,0.9503,55.40,0
92,143.70,87.29,100.00,2400.00,0.9489,56.00,0
93,138.34,90.62,100.00,2400.00,0.9486,55.40,0
94,152.27,90.76,100.00,2400.00,0.9486,56.50,0
95,151.86,88.04,100.00,2400.00,0.9486,56.00,0
96,131.34,91.86,100.00,2400.00,0.9489,56.00,0
97,153.70,92.26,100.00,2400.00,0.9492,56.00,0
98,150.11,95.91,100.00,2400.00,0.9478,56.50,0
99,130.08,91.53,100.00,2400.00,0.9478,56.50,0
100,142.36,94.86,100.00,2400.00,0.9455,56.50,0
101,127.89,92.71,100.00,2400.00,0.9455,56.00,0
102,144.42,91.14,100.00,2400.00,0.9465,56.00,0
103,135.09,90.41,100.00,2400.00,0.9465,56.50,0
104,147.18,86.54,100.00,2400.00,0.9482,55.40,0
105,145.22,90.10,100.00,2400.00,0.9476,57.10,0
106,145.97,93.96,100.00,2400.00,0.945,56.50,0
107,150.48,85.98,100.00,2400.00,0.945,56.00,0
108,141.63,90.97,100.00,2400.00,0.946,56.00,0
109,141.82,90.62,100.00,2400.00,0.9467,56.00,0
110,152.88,92.74,100.00,2400.00,0.945,56.50,0
111,147.31,94.52,100.00,2400.00,0.9448,56.00,0
112,139.93,92.79,100.00,2400.00,0.9435,56.50,0
113,136.51,88.84,100.00,2400.00,0.9442,56.00,0
114,145.61,93.78,100.00,2400.00,0.9445,56.00,0
115,140.62,88.28,100.00,2400.00,0.9438,56.50,0
116,140.59,90.80,100.00,2400.00,0.9435,57.10,0
117,148.35,92.04,100.00,2400.00,0.946,56.50,0
118,144.24,91.10,100.00,2400.00,0.9453,56.00,0
119,146.03,94.04,100.00,2400.00,0.9453,56.50,0
120,145.87,89.81,100.00,2400.00,0.9475,56.00,0
121,138.35,90.05,100.00,2400.00,0.9475,56.00,0
122,140.14,91.81,100.00,2400.00,0.9486,56.00,0
123,143.53,89.83,100.00,2400.00,0.9489,56.00,0
124,128.05,87.50,100.00,2400.00,0.9482,56.00,0
125,143.51,90.24,100.00,2400.00,0.9482,57.10,0
126,136.92,86.33,100.00,2400.00,0.9464,56.50,0
127,143.27,93.64,100.00,2400.00,0.9477,56.50,0
128,134.54,89.83,100.00,2400.00,0.9463,56.50,0
129,140.01,87.90,100.00,2400.00,0.9463,56.50,0
130,150.24,91.78,100.00,2400.00,0.9476,56.50,0
131,148.13,96.21,100.00,2400.00,0.9478,57.10,0
132,129.16,88.99,100.00,2400.00,0.9471,57.10,0
133,143.68,90.10,100.00,2400.00,0.9474,56.50,0
134,129.56,95.49,100.00,2400.00,0.9462,56.50,0
135,139.57,94.45,100.00,2400.00,0.9462,56.50,0
136,139.72,91.42,100.00,2400.00,0.9486,56.50,0
137,139.00,93.25,100.00,2400.00,0.9479,56.50,0
138,155.02,92.86,100.00,2400.00,0.9507,56.50,0
139,143.12,94.97,100.00,2400.00,0.9469,56.50,0
140,143.23,88.04,100.00,2400.00,0.9485,57.10,0
141,150.50,95.71,100.00,2400.00,0.9485,56.50,0
142,140.25,93.86,100.00,2400.00,0.9488,56.50,0
143,148.63,95.23,100.00,2400.00,0.9491,57.60,0
144,128.20,93.75,100.00,2400.00,0.9481,57.60,0
145,140.82,94.05,100.00,2400.00,0.9483,56.00,0
146,140.78,95.43,100.00,2400.00,0.9457,56.50,0
147,151.19,88.60,100.00,2400.00,0.9464,57.60,0
148,144.36,93.57,100.00,2400.00,0.9466,57.10,0
149,129.21,87.50,100.00,2400.00,0.9466,57.10,0
150,144.12,88.70,100.00,2400.00,0.9466,57.10,0
151,144.91,94.24,100.00,2400.00,0.945,56.50,0
152,127.21,94.79,100.00,2400.00,0.9436,57.10,0
153,139.88,95.29,100.00,2400.00,0.9437,57.10,0
154,143.51,95.07,100.00,2400.00,0.9434,58.20,0
155,138.92,87.47,100.00,2400.00,0.9434,56.50,0
156,143.12,95.04,100.00,2400.00,0.9425,56.50,0
157,150.63,95.79,100.00,2400.00,0.9425,57.10,0
158,150.33,92.87,100.00,2400.00,0.9408,57.10,0
159,135.26,89.33,100.00,2400.00,0.9409,58.20,0
160,147.64,90.12,100.00,2400.00,0.9406,57.10,0
161,140.02,90.36,100.00,2400.00,0.9406,57.10,0
162,142.20,94.60,100.00,2400.00,0.9398,56.50,0
163,138.35,90.24,100.00,2400.00,0.9398,57.10,0
164,132.89,94.60,100.00,2400.00,0.9404,57.60,0
165,156.57,91.03,100.00,2400.00,0.9405,57.60,0
166,139.27,87.06,100.00,2400.00,0.9384,57.60,0
167,142.67,93.21,100.00,2400.00,0.9388,57.10,0
168,138.80,87.94,100.00,2400.00,0.9396,57.60,0
169,144.64,93.01,100.00,2400.00,0.9373,57.10,0
170,142.07,89.60,100.00,2400.00,0.9376,57.10,0
171,152.10,89.09,100.00,2400.00,0.9377,57.10,0
172,127.82,89.72,100.00,2400.00,0.9365,57.10,0
173,139.33,88.15,100.00,2400.00,0.9368,57.60,0
174,138.66,94.74,100.00,2400.00,0.9362,57.60,0
175,134.51,96.78,100.00,2400.00,0.9362,57.60,0
176,137.67,88.15,100.00,2400.00,0.9355,57.60,0
177,143.25,91.36,100.00,2400.00,0.9333,57.60,0
178,141.41,88.99,100.00,2400.00,0.9339,57.10,0
179,129.70,95.84,100.00,2400.00,0.9339,57.60,0
180,150.69,94.20,100.00,2400.00,0.9347,56.50,0
181,141.28,91.02,100.00,2400.00,0.9347,57.10,0
182,133.80,89.88,100.00,2400.00,0.9342,57.10,0
183,138.81,89.76,100.00,2400.00,0.9308,57.60,0
184,128.64,88.49,100.00,2400.00,0.9374,57.10,0
185,139.79,95.07,100.00,2400.00,0.9374,58.70,0
186,145.03,90.00,100.00,2400.00,0.9347,57.10,0
187,135.52,97.50,100.00,2400.00,0.935,57.60,0
188,133.26,87.72,100.00,2400.00,0.9362,57.60,0
189,141.11,91.33,100.00,2400.00,0.9364,57.10,0
190,142.25,90.10,100.00,2400.00,0.9361,57.10,0
191,143.53,97.38,100.00,2400.00,0.9386,57.60,0
192,130.49,87.24,100.00,2400.00,0.935,57.10,0
193,139.38,95.63,100.00,2400.00,0.9322,58.20,0
194,139.74,87.66,100.00,2400.00,0.9348,57.60,0
195,138.61,95.49,100.00,2400.00,0.9365,57.60,0
196,140.91,95.68,100.00,2400.00,0.9345,58.20,0
197,145.61,88.78,100.00,2400.00,0.9377,57.60,0
198,147.63,93.61,100.00,2400.00,0.9351,57.60,0
199,138.73,89.23,100.00,2400.00,0.9356,57.10,0
200,150.91,95.59,100.00,2400.00,0.9364,57.10,0
201,143.26,90.83,100.00,2400.00,0.9369,57.60,0
202,138.95,91.51,100.00,2400.00,0.9382,57.60,0
203,141.31,94.59,100.00,2400.00,0.9387,57.10,0
204,135.49,86.51,100.00,2400.00,0.9407,57.60,0
205,147.26,87.03,100.00,2400.00,0.9409,58.20,0
206,141.46,95.19,100.00,2400.00,0.9388,57.60,0
207,140.45,90.41,100.00,2400.00,0.9388,57.60,0
208,140.77,88.11,100.00,2400.00,0.9396,57.60,0
209,140.54,92.66,100.00,2400.00,0.9377,57.10,0
210,147.38,90.76,100.00,2400.00,0.939,58.20,0
211,153.51,88.94,100.00,2400.00,0.9396,57.60,0
212,142.14,87.09,100.00,2400.00,0.9367,57.10,0
213,144.21,94.24,100.00,2400.00,0.9351,57.10,0
214,145.56,83.21,100.00,2400.00,0.9381,58.70,0
215,137.69,88.47,100.00,2400.00,0.9393,57.60,0
216,136.15,91.22,100.00,2400.00,0.9373,57.60,0
217,126.65,93.44,100.00,2400.00,0.939,58.20,0
218,146.06,87.40,100.00,2400.00,0.937,57.60,0
219,127.66,92.78,100.00,2400.00,0.9368,58.20,0
220,150.03,94.48,100.00,2400.00,0.9377,57.60,0
221,132.57,86.91,100.00,2400.00,0.9377,57.60,0
222,139.41,90.30,100.00,2400.00,0.9357,57.60,0
223,150.63,90.23,100.00,2400.00,0.9378,57.60,0
224,141.96,90.97,100.00,2400.00,0.9392,57.60,0
225,127.07,92.19,100.00,2400.00,0.9392,57.60,0
226,134.49,90.28,100.00,2400.00,0.9357,58.20,0
227,131.42,87.28,100.00,2400.00,0.9357,57.60,0
228,141.50,92.41,100.00,2400.00,0.9368,57.60,0
229,138.44,89.91,100.00,2400.00,0.9368,58.20,0
230,142.94,93.04,100.00,2400.00,0.9379,57.60,0
231,147.73,90.34,100.00,2400.00,0.938,57.60,0
232,136.10,89.88,100.00,2400.00,0.9368,57.10,0
233,150.32,94.32,100.00,2400.00,0.9372,58.70,0
234,139.93,93.08,100.00,2400.00,0.9372,57.10,0
235,141.87,86.86,100.00,2400.00,0.938,57.60,0
236,149.08,88.44,100.00,2400.00,0.9392,57.60,0
237,147.48,89.89,100.00,2400.00,0.9393,57.60,0
238,130.15,89.58,100.00,2400.00,0.9352,58.20,0
239,140.74,95.04,100.00,2400.00,0.9352,58.20,0
240,141.03,93.61,100.00,2400.00,0.9362,57.60,0
241,139.48,91.06,100.00,2400.00,0.9362,58.20,0
242,137.27,86.96,100.00,2400.00,0.9374,58.20,0
243,151.10,93.21,100.00,2400.00,0.9404,58.70,0
244,147.52,90.29,100.00,2400.00,0.9372,57.60,0
245,142.66,93.12,100.00,2400.00,0.9383,58.20,0
246,139.48,90.37,100.00,2400.00,0.9394,57.60,0
247,143.61,84.15,100.00,2400.00,0.9394,57.10,0
248,137.97,95.17,100.00,2400.00,0.9392,58.20,0
249,137.25,92.19,100.00,2400.00,0.9386,57.60,0
250,141.94,93.53,100.00,2400.00,0.9414,58.20,0
251,144.15,95.80,100.00,2400.00,0.9415,57.60,0
252,138.42,86.25,100.00,2400.00,0.9403,58.20,0
253,153.02,89.03,100.00,2400.00,0.9403,58.70,0
254,141.76,94.72,100.00,2400.00,0.938,57.60,0
255,139.86,93.25,100.00,2400.00,0.9385,58.20,0
256,150.95,93.78,100.00,2400.00,0.937,58.20,0
257,152.08,90.56,100.00,2400.00,0.9387,58.20,0
258,128.99,87.60,100.00,2400.00,0.9393,58.20,0
259,135.57,88.89,100.00,2400.00,0.9401,58.20,0
260,130.14,94.59,100.00,2400.00,0.9381,58.20,0
261,135.55,91.30,100.00,2400.00,0.9388,58.20,0
262,143.97,93.54,100.00,2400.00,0.9405,58.70,0
263,149.36,95.38,100.00,2400.00,0.9411,58.70,0
264,143.75,90.62,100.00,2400.00,0.9382,58.20,0
265,144.80,93.84,100.00,2400.00,0.9382,58.20,0
266,146.22,90.28,100.00,2400.00,0.9354,58.20,0
267,141.19,92.72,100.00,2400.00,0.9357,58.20,0
268,137.42,93.08,100.00,2400.00,0.9373,58.70,0
269,136.96,90.09,100.00,2400.00,0.9377,58.20,0
270,139.44,91.62,100.00,2400.00,0.9387,58.20,0
271,132.54,87.95,100.00,2400.00,0.939,58.70,0
272,142.32,93.65,100.00,2400.00,0.9396,58.70,0
273,142.25,97.30,100.00,2400.00,0.9408,59.30,0
274,140.92,87.16,100.00,2400.00,0.9387,59.80,0
275,133.15,89.83,100.00,2400.00,0.939,58.70,0
276,145.00,95.71,100.00,2400.00,0.9398,58.20,0
277,139.55,93.61,100.00,2400.00,0.9397,58.20,0
278,130.11,90.12,100.00,2400.00,0.938,58.70,0
279,139.94,96.14,100.00,2400.00,0.938,58.70,0
280,144.73,92.27,100.00,2400.00,0.936,58.20,0
281,138.72,92.19,100.00,2400.00,0.936,58.20,0
282,150.39,95.59,100.00,2400.00,0.9363,58.70,0
283,145.26,91.62,100.00,2400.00,0.9344,57.60,0
284,143.65,89.06,100.00,2400.00,0.9353,59.30,0
285,136.89,91.36,100.00,2400.00,0.9353,58.20,0
286,146.77,88.62,100.00,2400.00,0.9344,58.70,0
287,139.14,94.91,100.00,2400.00,0.9344,58.70,0
288,141.14,88.97,100.00,2400.00,0.9353,58.70,0
289,147.90,92.16,100.00,2400.00,0.9358,58.20,0
290,133.06,92.54,100.00,2400.00,0.936,58.70,0
291,140.46,91.67,100.00,2400.00,0.936,58.70,0
292,141.13,88.99,100.00,2400.00,0.9369,58.20,0
293,147.30,93.47,100.00,2400.00,0.9369,58.70,0
294,139.17,90.58,100.00,2400.00,0.936,58.70,0
295,142.93,93.92,100.00,2400.00,0.9372,59.30,0
296,155.09,92.98,100.00,2400.00,0.9388,58.70,0
297,154.05,91.82,100.00,2400.00,0.9383,58.20,0
298,143.03,94.41,100.00,2400.00,0.9387,58.70,0
299,153.45,95.94,100.00,2400.00,0.939,58.70,0
300,129.08,89.69,100.00,2400.00,0.9396,58.70,0
301,142.88,87.81,100.00,2400.00,0.9395,58.70,0
302,137.49,90.58,100.00,2400.00,0.9397,58.20,0
303,139.95,93.75,100.00,2400.00,0.9418,58.70,0
304,148.28,91.10,100.00,2400.00,0.9376,59.80,0
305,144.57,91.86,100.00,2400.00,0.9377,58.20,0
306,154.60,94.76,100.00,2400.00,0.9355,58.70,0
307,135.44,84.63,100.00,2400.00,0.9355,58.20,0
308,137.81,85.21,100.00,2400.00,0.9369,58.70,0
309,148.96,95.99,100.00,2400.00,0.9377,58.70,0
310,152.64,94.91,100.00,2400.00,0.9388,58.70,0
311,132.21,89.76,100.00,2400.00,0.9388,58.70,0
312,138.60,94.22,100.00,2400.00,0.9401,58.70,0
313,135.73,87.20,100.00,2400.00,0.9401,58.70,0
314,142.33,93.52,100.00,2400.00,0.9365,58.70,0
315,137.62,89.01,100.00,2400.00,0.9362,58.70,0
316,151.01,95.83,100.00,2400.00,0.9396,59.30,0
317,142.51,93.75,100.00,2400.00,0.9387,59.80,0
318,141.40,95.92,100.00,2400.00,0.9335,59.30,0
319,147.64,88.37,100.00,2400.00,0.9339,59.30,0
320,137.24,87.71,100.00,2400.00,0.9361,59.80,0
321,137.28,89.72,100.00,2400.00,0.9366,59.80,0
322,133.89,87.90,100.00,2400.00,0.9374,59.80,0
323,130.87,96.12,100.00,2400.00,0.9403,58.70,0
324,142.41,95.58,100.00,2400.00,0.9353,59.80,0
325,130.00,88.71,100.00,2400.00,0.9356,58.70,0
326,146.87,91.47,100.00,2400.00,0.9368,59.30,0
327,130.51,89.24,100.00,2400.00,0.9371,59.30,0
328,139.99,89.69,100.00,2400.00,0.934,58.70,0
329,149.18,92.13,100.00,2400.00,0.9373,58.70,0
330,150.93,93.73,100.00,2400.00,0.9393,58.70,0
331,145.27,90.64,100.00,2400.00,0.9381,58.70,0
332,142.59,95.71,100.00,2400.00,0.9347,59.30,0
333,138.61,92.85,100.00,2400.00,0.9347,58.70,0
334,144.70,94.24,100.00,2400.00,0.9342,59.80,0
335,137.90,91.81,100.00,2400.00,0.9331,58.70,0
336,143.42,89.23,100.00,2400.00,0.938,59.30,0
337,146.79,87.56,100.00,2400.00,0.938,59.30,0
338,136.51,90.53,100.00,2400.00,0.9376,59.30,0
339,152.12,90.82,100.00,2400.00,0.9369,59.30,0
340,143.96,93.68,100.00,2400.00,0.9341,58.70,0
341,137.23,90.41,100.00,2400.00,0.9348,58.70,0
342,152.32,93.84,100.00,2400.00,0.9373,58.70,0
343,128.06,88.31,100.00,2400.00,0.9395,59.30,0
344,138.62,94.44,100.00,2400.00,0.9141,58.70,0
345,139.80,87.01,100.00,2400.00,0.9141,58.70,0
346,141.74,93.98,100.00,2400.00,0.9116,59.80,0
347,137.56,88.85,100.00,2400.00,0.9117,59.30,0
348,141.64,94.64,100.00,2400.00,0.9094,58.70,0
349,147.66,94.04,100.00,2400.00,0.911,59.80,0
350,150.04,94.09,100.00,2400.00,0.9076,59.30,0
351,143.30,93.21,100.00,2400.00,0.9081,59.80,0
352,142.71,89.44,100.00,2400.00,0.9064,59.30,0
353,144.61,83.06,100.00,2400.00,0.9064,59.30,0
354,137.06,90.76,100.00,2400.00,0.9068,58.70,0
355,140.45,93.30,100.00,2400.00,0.907,59.30,0
356,143.92,94.83,100.00,2400.00,0.9078,58.70,0
357,133.84,90.62,100.00,2400.00,0.9076,59.80,0
358,138.96,91.84,100.00,2400.00,0.906,59.30,0
359,140.08,89.49,100.00,2400.00,0.906,59.80,0
360,137.20,89.38,100.00,2400.00,0.9057,59.30,0
361,140.24,93.75,100.00,2400.00,0.9057,59.80,0
362,147.28,95.59,100.00,2400.00,0.9073,59.80,0
363,152.40,91.14,100.00,2400.00,0.9079,59.30,0
364,140.26,90.99,100.00,2400.00,0.9044,59.30,0
365,139.03,90.10,100.00,2400.00,0.9049,59.30,0
366,126.40,93.75,100.00,2400.00,0.9043,59.80,0
367,139.56,92.19,100.00,2400.00,0.9051,59.30,0
368,145.86,94.22,100.00,2400.00,0.9084,59.80,0
369,148.14,93.06,100.00,2400.00,0.9103,59.30,0
370,142.51,91.62,100.00,2400.00,0.9057,59.30,0
371,139.95,93.60,100.00,2400.00,0.906,59.30,0
372,145.70,93.43,100.00,2400.00,0.9063,59.30,0
373,144.63,86.36,100.00,2400.00,0.9066,58.70,0
374,143.91,90.51,100.00,2400.00,0.9065,59.30,0
375,146.43,88.54,100.00,2400.00,0.9091,59.30,0
376,126.93,95.24,100.00,2400.00,0.9089,59.80,0
377,131.08,94.06,100.00,2400.00,0.9089,59.80,0
378,140.30,92.00,100.00,2400.00,0.9083,59.30,0
379,141.53,93.64,100.00,2400.00,0.9088,59.30,0
380,139.52,88.97,100.00,2400.00,0.9091,59.30,0
381,139.20,89.04,100.00,2400.00,0.9096,59.80,0
382,151.58,95.41,100.00,2400.00,0.9114,59.80,0
383,154.12,93.58,100.00,2400.00,0.912,59.30,0
384,146.29,93.58,100.00,2400.00,0.9115,59.80,0
385,139.11,93.75,100.00,2400.00,0.912,59.80,0
386,126.89,96.51,100.00,2400.00,0.9114,60.40,0
387,141.11,95.59,100.00,2400.00,0.9114,60.90,0
388,141.48,91.31,100.00,2400.00,0.9109,60.40,0
389,139.86,89.51,100.00,2400.00,0.9124,59.30,0
390,150.62,92.49,100.00,2400.00,0.9103,59.80,0
391,141.26,95.29,100.00,2400.00,0.9106,59.80,0
392,149.09,95.54,100.00,2400.00,0.9103,59.80,0
393,141.64,95.23,100.00,2400.00,0.9089,59.80,0
394,136.28,85.34,100.00,2400.00,0.9115,59.30,0
395,140.75,89.24,100.00,2400.00,0.9118,59.30,0
396,140.21,90.97,100.00,2400.00,0.9134,59.80,0
397,145.38,93.22,100.00,2400.00,0.9135,59.30,0
398,138.14,91.86,100.00,2400.00,0.9134,59.80,0
399,145.71,87.78,100.00,2400.00,0.9137,59.80,0
400,144.85,91.46,100.00,2400.00,0.9111,59.30,0
401,143.94,92.41,100.00,2400.00,0.9111,59.80,0
402,142.39,88.14,100.00,2400.00,0.915,59.80,0
403,156.82,91.67,100.00,2400.00,0.9148,59.80,0
404,145.18,94.53,100.00,2400.00,0.9128,59.80,0
405,152.52,90.87,100.00,2400.00,0.9112,60.90,0
406,129.76,88.96,100.00,2400.00,0.9118,59.80,0
407,144.90,89.68,100.00,2400.00,0.9119,59.80,0
408,144.69,87.05,100.00,2400.00,0.9148,59.30,0
409,147.31,93.48,100.00,2400.00,0.9157,59.80,0
410,129.62,89.21,100.00,2400.00,0.9143,59.80,0
411,144.09,91.98,100.00,2400.00,0.9152,59.80,0
412,133.66,91.66,100.00,2400.00,0.9152,59.80,0
413,140.43,92.00,100.00,2400.00,0.9155,59.80,0
414,141.00,89.86,100.00,2400.00,0.9129,59.30,0
415,153.29,93.32,100.00,2400.00,0.9143,60.40,0
416,155.70,86.81,100.00,2400.00,0.9117,59.80,0
417,150.06,86.67,100.00,2400.00,0.9123,59.30,0
418,143.57,88.79,100.00,2400.00,0.9124,60.40,0
419,147.44,91.53,100.00,2400.00,0.9132,59.80,0
420,140.20,90.41,100.00,2400.00,0.9138,59.80,0
421,151.30,94.04,100.00,2400.00,0.9147,59.80,0
422,134.16,91.96,100.00,2400.00,0.9131,59.80,0
423,127.67,94.50,100.00,2400.00,0.9134,59.80,0
424,140.03,90.34,100.00,2400.00,0.9125,60.40,0
425,144.74,89.44,100.00,2400.00,0.9128,59.80,0
426,138.54,88.19,100.00,2400.00,0.9138,59.80,0
427,142.96,90.46,100.00,2400.00,0.9139,60.40,0
428,149.86,91.28,100.00,2400.00,0.9151,60.90,0
429,150.32,95.81,100.00,2400.00,0.9113,59.80,0
430,132.05,86.01,100.00,2400.00,0.9133,60.40,0
431,147.40,94.20,100.00,2400.00,0.9139,59.80,0
432,127.85,89.69,100.00,2400.00,0.9116,59.80,0
433,135.43,92.61,100.00,2400.00,0.9108,59.80,0
434,137.42,86.79,100.00,2400.00,0.9122,59.80,0
435,140.54,95.28,100.00,2400.00,0.914,60.40,0
436,137.74,91.33,100.00,2400.00,0.9118,59.80,0
437,139.02,89.61,100.00,2400.00,0.9111,59.80,0
438,149.04,89.88,100.00,2400.00,0.9117,60.40,0
439,139.18,87.60,100.00,2400.00,0.9114,60.40,0
440,147.27,93.82,100.00,2400.00,0.9122,59.80,0
441,146.11,91.58,100.00,2400.00,0.9122,60.90,0
442,142.43,81.94,100.00,2400.00,0.9116,59.80,0
443,146.02,84.18,100.00,2400.00,0.9116,59.80,0
444,140.84,88.84,100.00,2400.00,0.9125,59.80,0
445,139.53,89.16,100.00,2400.00,0.9118,60.40,0
446,141.75,94.83,100.00,2400.00,0.9136,59.80,0
447,137.71,86.63,100.00,2400.00,0.9139,59.80,0
448,147.96,87.26,100.00,2400.00,0.9139,59.30,0
449,135.34,91.47,100.00,2400.00,0.9139,59.80,0
450,141.87,92.99,100.00,2400.00,0.9094,60.40,0
451,150.12,91.01,100.00,2400.00,0.9097,59.80,0
452,145.53,91.27,100.00,2400.00,0.9127,59.80,0
453,136.14,90.62,100.00,2400.00,0.9127,60.40,0
454,143.60,95.83,100.00,2400.00,0.9149,59.80,0
455,130.45,88.31,100.00,2400.00,0.9134,60.40,0
456,139.40,86.97,100.00,2400.00,0.9114,59.80,0
457,140.32,87.28,100.00,2400.00,0.9117,60.40,0
458,148.02,92.97,100.00,2400.00,0.9099,59.80,0
459,137.05,91.47,100.00,2400.00,0.9099,60.40,0
460,142.38,93.20,100.00,2400.00,0.9102,60.40,0
461,148.08,92.61,100.00,2400.00,0.912,59.80,0
462,146.44,87.59,100.00,2400.00,0.9099,59.80,0
463,140.46,92.58,100.00,2400.00,0.9083,59.80,0
464,140.62,88.76,100.00,2400.00,0.9094,59.80,0
465,128.18,94.16,100.00,2400.00,0.9105,60.40,0
466,140.00,92.36,100.00,2400.00,0.9096,60.90,0
467,144.29,93.98,100.00,2400.00,0.9089,60.40,0
468,137.24,86.64,100.00,2400.00,0.9092,59.80,0
469,144.30,90.79,100.00,2400.00,0.9092,59.80,0
470,144.50,92.04,100.00,2400.00,0.9096,60.40,0
471,148.96,93.52,100.00,2400.00,0.9105,60.90,0
472,135.14,88.84,100.00,2400.00,0.9116,60.40,0
473,142.43,92.19,100.00,2400.00,0.9119,59.30,0
474,143.71,88.26,100.00,2400.00,0.9129,59.80,0
475,137.85,89.38,100.00,2400.00,0.9117,60.90,0
476,145.99,94.60,100.00,2400.00,0.9095,60.40,0
477,139.15,92.10,100.00,2400.00,0.9101,59.80,0
478,138.06,89.91,100.00,2400.00,0.9089,59.80,0
479,141.60,91.33,100.00,2400.00,0.9099,59.80,0
480,142.02,91.36,100.00,2400.00,0.9082,60.40,0
481,147.72,88.30,100.00,2400.00,0.9106,60.40,0
482,147.39,90.28,100.00,2400.00,0.91,59.80,0
483,140.57,95.29,100.00,2400.00,0.91,59.80,0
484,150.24,94.04,100.00,2400.00,0.9114,60.40,0
485,142.99,90.55,100.00,2400.00,0.9123,60.40,0
486,138.69,91.15,100.00,2400.00,0.9105,60.90,0
487,136.80,91.83,100.00,2400.00,0.9114,59.80,0
488,140.23,91.48,100.00,2400.00,0.9118,60.40,0
489,126.92,88.71,100.00,2400.00,0.9118,59.80,0
490,137.98,88.34,100.00,2400.00,0.9098,60.40,0
491,146.99,95.91,100.00,2400.00,0.908,59.80,0
492,141.97,93.58,100.00,2400.00,0.9086,59.80,0
493,141.52,94.17,100.00,2400.00,0.9071,60.40,0
494,148.92,97.53,100.00,2400.00,0.906,59.80,0
495,135.05,93.92,100.00,2400.00,0.9053,60.40,0
496,143.22,93.41,100.00,2400.00,0.907,60.40,0
497,134.33,92.50,100.00,2400.00,0.907,60.40,0
498,136.90,91.30,100.00,2400.00,0.9044,59.80,0
499,140.05,88.96,100.00,2400.00,0.9047,60.40,0
500,141.67,92.78,100.00,2400.00,0.9053,60.40,0
501,154.14,90.31,100.00,2400.00,0.9082,59.80,0
502,145.22,93.52,100.00,2400.00,0.9073,60.40,0
503,141.61,87.28,100.00,2400.00,0.9076,59.80,0
504,151.94,93.86,100.00,2400.00,0.9072,59.80,0
505,145.82,94.72,100.00,2400.00,0.9086,60.40,0
506,134.95,89.51,100.00,2400.00,0.9098,59.80,0
507,142.14,94.26,100.00,2400.00,0.9102,60.40,0
508,135.25,89.06,100.00,2400.00,0.9116,59.80,0
509,130.84,95.66,100.00,2400.00,0.9116,59.80,0
510,140.88,95.16,100.00,2400.00,0.909,60.40,0
511,143.59,92.42,100.00,2400.00,0.909,60.40,0
512,136.73,89.51,100.00,2400.00,0.9077,60.40,0
513,138.02,95.94,100.00,2400.00,0.9068,60.90,0
514,141.06,94.22,100.00,2400.00,0.9096,60.40,0
515,132.26,88.20,100.00,2400.00,0.9101,59.80,0
516,128.10,96.42,100.00,2400.00,0.9072,60.40,0
517,136.82,93.08,100.00,2400.00,0.9072,59.80,0
518,149.42,93.05,100.00,2400.00,0.909,60.40,0
519,134.28,89.80,100.00,2400.00,0.9081,59.80,0
520,136.24,90.88,100.00,2400.00,0.9075,59.80,0
521,152.22,95.43,100.00,2400.00,0.9106,60.90,0
522,151.75,93.58,100.00,2400.00,0.9091,60.40,0
523,144.14,88.30,100.00,2400.00,0.9091,60.40,0
524,141.25,93.39,100.00,2400.00,0.9097,60.40,0
525,131.79,93.92,100.00,2400.00,0.9097,59.80,0
526,137.62,93.53,100.00,2400.00,0.9057,60.40,0
527,140.79,95.74,100.00,2400.00,0.9058,59.80,0
528,146.79,93.38,100.00,2400.00,0.9068,59.80,0
529,139.51,86.80,100.00,2400.00,0.9071,59.80,0
530,142.07,93.88,100.00,2400.00,0.9059,60.40,0
531,152.01,95.32,100.00,2400.00,0.9072,60.40,0
532,141.30,88.71,100.00,2400.00,0.9086,60.40,0
533,143.40,94.97,100.00,2400.00,0.9086,60.90,0
534,137.57,91.72,100.00,2400.00,0.9087,59.80,0
535,130.90,94.38,100.00,2400.00,0.908,60.40,0
536,131.42,95.62,100.00,2400.00,0.9063,60.40,0
537,144.05,95.74,100.00,2400.00,0.9065,59.80,0
538,149.38,95.17,100.00,2400.00,0.9077,60.40,0
539,135.66,93.25,100.00,2400.00,0.9077,60.40,0
540,138.25,90.41,100.00,2400.00,0.9062,60.40,0
541,153.77,94.44,100.00,2400.00,0.9073,60.40,0
542,135.92,93.53,100.00,2400.00,0.9053,59.80,0
543,146.17,94.91,100.00,2400.00,0.9056,59.80,0
544,143.93,91.60,100.00,2400.00,0.9072,59.80,0
545,140.60,95.59,100.00,2400.00,0.9072,60.40,0
546,136.73,88.74,100.00,2400.00,0.9062,60.90,0
547,141.31,92.80,100.00,2400.00,0.9068,59.80,0
548,145.76,94.59,100.00,2400.00,0.9058,59.80,0
549,142.56,94.99,100.00,2400.00,0.9058,60.40,0
550,146.61,92.01,100.00,2400.00,0.9037,60.40,0
551,148.63,92.46,100.00,2400.00,0.904,59.80,0
552,127.26,86.81,100.00,2400.00,0.906,60.90,0
553,133.95,91.80,100.00,2400.00,0.9072,60.40,0
554,139.10,93.84,100.00,2400.00,0.9066,60.40,0
555,146.76,87.86,100.00,2400.00,0.9073,60.40,0
556,137.00,89.06,100.00,2400.00,0.9062,60.90,0
557,139.01,95.99,100.00,2400.00,0.9065,60.40,0
558,138.30,88.49,100.00,2400.00,0.905,60.40,0
559,134.32,86.76,100.00,2400.00,0.9053,59.80,0
560,143.42,91.97,100.00,2400.00,0.9076,60.40,0
561,150.05,95.81,100.00,2400.00,0.9089,60.40,0
562,140.49,92.09,100.00,2400.00,0.9061,60.40,0
563,146.28,87.30,100.00,2400.00,0.9061,59.80,0
564,136.42,93.75,100.00,2400.00,0.9054,60.40,0
565,143.49,95.63,100.00,2400.00,0.906,60.40,0
566,134.98,88.66,100.00,2400.00,0.9063,60.40,0
567,137.13,87.80,100.00,2400.00,0.9068,60.40,0
568,145.58,93.21,100.00,2400.00,0.9075,60.90,0
569,131.21,90.80,100.00,2400.00,0.9075,60.40,0
570,135.05,91.50,100.00,2400.00,0.9064,60.40,0
571,143.44,87.47,100.00,2400.00,0.9064,59.80,0
572,143.10,88.84,100.00,2400.00,0.9075,60.90,0
573,133.97,91.47,100.00,2400.00,0.9075,59.80,0
574,138.25,89.24,100.00,2400.00,0.9062,59.80,0
575,139.60,96.37,100.00,2400.00,0.9073,60.40,0
576,144.78,97.02,100.00,2400.00,0.9065,60.90,0
577,144.61,88.66,100.00,2400.00,0.9071,60.40,0
578,153.85,89.61,100.00,2400.00,0.9062,59.80,0
579,139.46,95.32,100.00,2400.00,0.9076,60.40,0
580,137.13,89.23,100.00,2400.00,0.9087,60.40,0
581,149.32,94.81,100.00,2400.00,0.9104,60.40,0
582,151.82,92.93,100.00,2400.00,0.9081,59.80,0
583,144.45,93.08,100.00,2400.00,0.9081,60.40,0
584,142.25,94.36,100.00,2400.00,0.9081,60.40,0
585,135.04,91.61,100.00,2400.00,0.9081,60.90,0
586,137.73,88.86,100.00,2400.00,0.9075,59.80,0
587,140.06,95.74,100.00,2400.00,0.9084,60.40,0
588,147.38,90.59,100.00,2400.00,0.9086,60.40,0
589,133.97,88.62,100.00,2400.00,0.9086,60.40,0
590,139.38,90.41,100.00,2400.00,0.9097,60.40,0
591,150.02,92.89,100.00,2400.00,0.9098,60.40,0
592,143.58,93.68,100.00,2400.00,0.9085,60.40,0
593,141.12,88.85,100.00,2400.00,0.9086,59.80,0
594,139.15,91.71,100.00,2400.00,0.9105,59.30,0
595,150.81,94.16,100.00,2400.00,0.9116,61.50,0
