frame,latency_ms,cpu_avg,cpu_max,freq_avg,ram_used,throttle_count
0,147.93,79.38,100.00,2400.00,0.978,0
1,145.70,82.25,100.00,2400.00,0.9783,0
2,135.29,87.00,100.00,2400.00,0.9802,0
3,197.63,74.40,100.00,2400.00,0.9783,0
4,133.14,80.46,100.00,2400.00,0.9818,0
5,141.28,88.82,100.00,2400.00,0.9813,0
6,138.68,88.66,100.00,2400.00,0.9844,0
7,152.81,92.12,100.00,2400.00,0.9844,0
8,137.03,86.36,100.00,2400.00,0.9873,0
9,123.61,95.26,100.00,2400.00,0.9878,0
10,130.93,86.92,100.00,2400.00,0.9893,0
11,137.64,90.48,100.00,2400.00,0.9903,0
12,141.51,87.12,100.00,2400.00,0.992,0
13,136.86,93.86,100.00,2400.00,0.9947,0
14,136.99,92.62,100.00,2400.00,0.995,0
15,138.30,87.94,100.00,2400.00,0.9951,0
16,141.59,93.70,100.00,2400.00,0.9983,0
17,141.21,95.22,100.00,2400.00,0.9986,0
18,134.55,88.46,100.00,2400.00,0.9998,0
19,135.12,88.20,100.00,2400.00,1.0011,0
20,150.09,87.34,100.00,2400.00,1.0039,0
21,143.32,95.48,100.00,2400.00,1.0039,0
22,141.28,92.98,100.00,2400.00,1.0007,0
23,128.89,81.58,100.00,2400.00,1.0007,0
24,138.69,85.62,100.00,2400.00,1.0007,0
25,146.06,93.04,100.00,2400.00,1.0014,0
26,141.92,92.52,100.00,2400.00,1.0029,0
27,140.33,93.80,100.00,2400.00,1.0026,0
28,143.60,91.00,100.00,2400.00,0.9934,0
29,128.69,92.18,100.00,2400.00,0.9934,0
30,134.41,88.22,100.00,2400.00,0.994,0
31,138.10,87.90,100.00,2400.00,0.9911,0
32,137.38,91.18,100.00,2400.00,0.9909,0
33,133.80,86.76,100.00,2400.00,0.991,0
34,123.45,90.34,100.00,2400.00,0.9857,0
35,147.82,82.82,100.00,2400.00,0.9857,0
36,129.55,83.58,100.00,2400.00,0.9845,0
37,134.92,90.46,100.00,2400.00,0.984,0
38,144.61,88.32,100.00,2400.00,0.9852,0
39,123.00,96.64,100.00,2400.00,0.9882,0
40,138.79,87.56,100.00,2400.00,0.9809,0
41,141.29,92.00,100.00,2400.00,0.9809,0
42,136.14,85.90,100.00,2400.00,0.9798,0
43,131.30,88.14,100.00,2400.00,0.9801,0
44,130.05,86.80,100.00,2400.00,0.9827,0
45,139.51,89.34,100.00,2400.00,0.9827,0
46,134.80,86.78,100.00,2400.00,0.9821,0
47,139.51,87.14,100.00,2400.00,0.9821,0
48,150.49,92.93,100.00,2400.00,0.9784,0
49,143.22,81.92,100.00,2400.00,0.9772,0
50,133.57,90.18,100.00,2400.00,0.9748,0
51,138.63,89.48,100.00,2400.00,0.9753,0
52,125.48,88.64,100.00,2400.00,0.9779,0
53,140.36,88.58,100.00,2400.00,0.9779,0
54,135.66,90.44,100.00,2400.00,0.9732,0
55,133.78,89.22,100.00,2400.00,0.9732,0
56,132.53,90.24,100.00,2400.00,0.9717,0
57,137.69,87.52,100.00,2400.00,0.9721,0
58,140.23,80.38,100.00,2400.00,0.9731,0
59,143.34,93.12,100.00,2400.00,0.975,0
60,134.85,90.00,100.00,2400.00,0.9709,0
61,139.83,88.66,100.00,2400.00,0.9715,0
62,141.98,87.24,100.00,2400.00,0.9682,0
63,137.29,91.84,100.00,2400.00,0.9683,0
64,139.52,94.94,100.00,2400.00,0.9672,0
65,146.08,92.63,100.00,2400.00,0.97,0
66,137.25,82.84,100.00,2400.00,0.967,0
67,145.55,90.32,100.00,2400.00,0.967,0
68,132.57,81.20,100.00,2400.00,0.9644,0
69,138.77,91.24,100.00,2400.00,0.9647,0
70,136.42,88.10,100.00,2400.00,0.9644,0
71,143.70,89.84,100.00,2400.00,0.9644,0
72,137.79,89.42,100.00,2400.00,0.9688,0
73,135.97,88.56,100.00,2400.00,0.969,0
74,143.87,86.50,100.00,2400.00,0.967,0
75,126.74,88.94,100.00,2400.00,0.967,0
76,137.28,87.14,100.00,2400.00,0.9676,0
77,136.66,85.46,100.00,2400.00,0.968,0
78,141.21,89.56,100.00,2400.00,0.9691,0
79,140.83,90.12,100.00,2400.00,0.9678,0
80,140.08,91.84,100.00,2400.00,0.9658,0
81,149.78,92.75,100.00,2400.00,0.9654,0
82,130.81,82.64,100.00,2400.00,0.9662,0
83,136.67,88.66,100.00,2400.00,0.9662,0
84,149.28,90.76,100.00,2400.00,0.9658,0
85,139.89,94.42,100.00,2400.00,0.9666,0
86,142.85,95.58,100.00,2400.00,0.963,0
87,135.54,92.10,100.00,2400.00,0.963,0
88,139.75,88.02,100.00,2400.00,0.9639,0
89,135.57,90.32,100.00,2400.00,0.9651,0
90,134.45,89.48,100.00,2400.00,0.9649,0
91,135.09,90.24,100.00,2400.00,0.9658,0
92,138.20,88.70,100.00,2400.00,0.9647,0
93,129.87,88.66,100.00,2400.00,0.9647,0
94,142.99,88.82,100.00,2400.00,0.9633,0
95,145.61,90.40,100.00,2400.00,0.9639,0
96,134.45,90.34,100.00,2400.00,0.9639,0
97,139.86,85.90,100.00,2400.00,0.9639,0
98,130.34,91.08,100.00,2400.00,0.9648,0
99,141.84,87.00,100.00,2400.00,0.9648,0
100,134.19,85.72,100.00,2400.00,0.9619,0
101,134.84,89.36,100.00,2400.00,0.9618,0
102,133.11,86.14,100.00,2400.00,0.9621,0
103,133.02,88.42,100.00,2400.00,0.9635,0
104,139.50,85.60,100.00,2400.00,0.9632,0
105,137.81,92.00,100.00,2400.00,0.9631,0
106,132.00,88.78,100.00,2400.00,0.9597,0
107,139.25,83.30,100.00,2400.00,0.9598,0
108,142.62,95.34,100.00,2400.00,0.9595,0
109,132.73,88.10,100.00,2400.00,0.9597,0
110,132.96,89.48,100.00,2400.00,0.9623,0
111,134.58,88.00,100.00,2400.00,0.9648,0
112,143.97,89.75,100.00,2400.00,0.9595,0
113,132.90,79.46,100.00,2400.00,0.9595,0
114,138.54,89.36,100.00,2400.00,0.9599,0
115,133.85,87.54,100.00,2400.00,0.96,0
116,139.34,88.06,100.00,2400.00,0.9591,0
117,144.56,87.60,100.00,2400.00,0.9586,0
118,131.01,82.52,100.00,2400.00,0.9579,0
119,136.93,89.64,100.00,2400.00,0.9579,0
120,146.57,87.96,100.00,2400.00,0.9573,0
121,143.33,91.34,100.00,2400.00,0.9577,0
122,137.25,91.34,100.00,2400.00,0.9577,0
123,133.84,88.32,100.00,2400.00,0.9585,0
124,133.63,88.36,100.00,2400.00,0.9583,0
125,146.48,86.76,100.00,2400.00,0.958,0
126,142.25,93.04,100.00,2400.00,0.9582,0
127,137.66,91.86,100.00,2400.00,0.9584,0
128,130.65,90.32,100.00,2400.00,0.9586,0
129,135.20,89.22,100.00,2400.00,0.9595,0
130,139.29,85.76,100.00,2400.00,0.9576,0
131,141.51,93.58,100.00,2400.00,0.9587,0
132,135.15,84.50,100.00,2400.00,0.9576,0
133,141.45,88.84,100.00,2400.00,0.9582,0
134,124.37,94.80,100.00,2400.00,0.9573,0
135,134.75,86.78,100.00,2400.00,0.9577,0
136,132.09,85.54,100.00,2400.00,0.9551,0
137,147.70,91.82,100.00,2400.00,0.9551,0
138,140.99,87.04,100.00,2400.00,0.9579,0
139,127.76,90.00,100.00,2400.00,0.9579,0
140,139.66,86.92,100.00,2400.00,0.9577,0
141,139.72,90.80,100.00,2400.00,0.9583,0
142,138.08,90.14,100.00,2400.00,0.9566,0
143,138.46,89.60,100.00,2400.00,0.9568,0
144,124.89,93.00,100.00,2400.00,0.9564,0
145,142.45,81.08,100.00,2400.00,0.9564,0
146,139.80,89.38,100.00,2400.00,0.9563,0
147,136.65,88.58,100.00,2400.00,0.956,0
148,138.13,89.12,100.00,2400.00,0.9562,0
149,131.79,88.66,100.00,2400.00,0.9565,0
150,138.96,85.76,100.00,2400.00,0.9556,0
151,144.32,94.06,100.00,2400.00,0.957,0
152,142.87,91.18,100.00,2400.00,0.955,0
153,145.54,95.74,100.00,2400.00,0.9552,0
154,129.34,86.74,100.00,2400.00,0.9561,0
155,136.52,88.02,100.00,2400.00,0.9562,0
156,139.56,89.36,100.00,2400.00,0.9569,0
157,140.90,89.84,100.00,2400.00,0.9576,0
158,144.96,86.90,100.00,2400.00,0.9577,0
159,140.95,90.14,100.00,2400.00,0.9589,0
160,141.10,88.90,100.00,2400.00,0.9583,0
161,138.01,92.04,100.00,2400.00,0.9586,0
162,132.02,89.56,100.00,2400.00,0.9568,0
163,141.86,89.14,100.00,2400.00,0.9571,0
164,143.77,89.64,100.00,2400.00,0.9621,0
165,143.05,90.55,100.00,2400.00,0.9621,0
166,131.71,83.18,100.00,2400.00,0.9595,0
167,137.55,90.64,100.00,2400.00,0.9596,0
168,131.33,89.76,100.00,2400.00,0.9573,0
169,133.83,90.46,100.00,2400.00,0.9579,0
170,136.38,87.54,100.00,2400.00,0.9566,0
171,142.22,88.84,100.00,2400.00,0.9559,0
172,130.41,91.42,100.00,2400.00,0.9539,0
173,149.80,88.42,100.00,2400.00,0.955,0
174,131.57,84.80,100.00,2400.00,0.9547,0
175,135.63,92.72,100.00,2400.00,0.9535,0
176,139.85,84.02,100.00,2400.00,0.9538,0
177,127.19,91.64,100.00,2400.00,0.9561,0
178,139.74,83.60,100.00,2400.00,0.9534,0
179,142.97,94.53,100.00,2400.00,0.9534,0
180,131.12,83.66,100.00,2400.00,0.9517,0
181,133.15,85.90,100.00,2400.00,0.9521,0
182,137.27,89.14,100.00,2400.00,0.9542,0
183,144.10,86.88,100.00,2400.00,0.9542,0
184,142.84,89.24,100.00,2400.00,0.9544,0
185,128.60,86.66,100.00,2400.00,0.9543,0
186,143.51,86.36,100.00,2400.00,0.9536,0
187,142.54,93.56,100.00,2400.00,0.9536,0
188,139.19,93.36,100.00,2400.00,0.9533,0
189,136.20,94.54,100.00,2400.00,0.9534,0
190,132.66,89.44,100.00,2400.00,0.9563,0
191,147.81,89.14,100.00,2400.00,0.9559,0
192,144.95,92.55,100.00,2400.00,0.956,0
193,139.29,82.50,100.00,2400.00,0.9577,0
194,135.13,89.36,100.00,2400.00,0.9554,0
195,133.26,86.90,100.00,2400.00,0.9565,0
196,142.70,84.18,100.00,2400.00,0.9562,0
