frame,latency_ms,cpu_avg,cpu_max,freq_avg,ram_used,temp_max,throttle_count
0,1186.03,94.60,100.00,2400.00,1.4398,59.80,0
1,1231.54,96.37,100.00,2400.00,1.4298,60.40,0
2,1240.79,94.90,100.00,2400.00,1.4254,59.80,0
3,1189.11,96.81,100.00,2400.00,1.4218,60.40,0
4,1232.32,95.51,100.00,2400.00,1.4156,59.80,0
5,1197.45,96.05,100.00,2400.00,1.4118,60.40,0
6,1194.08,96.51,100.00,2400.00,1.4053,61.50,0
7,1218.10,96.35,100.00,2400.00,1.4049,60.40,0
8,1221.10,96.36,100.00,2400.00,1.4022,60.40,0
9,1238.18,95.19,100.00,2400.00,1.401,60.40,0
10,1211.99,95.86,100.00,2400.00,1.3974,61.50,0
11,1177.21,96.66,100.00,2400.00,1.3982,61.50,0
12,1218.20,96.77,100.00,2400.00,1.3946,61.50,0
13,1235.02,94.73,100.00,2400.00,1.3939,60.90,0
14,1189.23,96.44,100.00,2400.00,1.3909,60.90,0
15,1246.04,95.90,100.00,2400.00,1.3903,61.50,0
16,1210.98,94.85,100.00,2400.00,1.3887,61.50,0
17,1244.16,95.19,100.00,2400.00,1.3891,61.50,0
18,1212.96,96.43,100.00,2400.00,1.3887,61.50,0
19,1184.88,95.10,100.00,2400.00,1.3888,61.50,0
20,1237.69,95.75,100.00,2400.00,1.3871,61.50,0
21,1189.97,94.77,100.00,2400.00,1.3873,61.50,0
22,1188.39,95.36,100.00,2400.00,1.3874,62.60,0
23,1243.06,96.39,100.00,2400.00,1.3877,61.50,0
24,1198.42,96.52,100.00,2400.00,1.3873,62.00,0
25,1239.25,96.12,100.00,2400.00,1.3872,62.00,0
26,1279.82,95.02,100.00,2400.00,1.3863,61.50,0
27,1185.40,95.94,100.00,2400.00,1.3861,62.00,0
28,1207.61,96.88,100.00,2400.00,1.3852,63.10,0
29,1161.85,96.27,100.00,2400.00,1.3851,62.00,0
30,1211.67,94.53,100.00,2400.00,1.3855,62.60,0
31,1198.42,97.18,100.00,2400.00,1.3849,62.00,0
32,1179.56,95.51,100.00,2400.00,1.3846,63.10,0
33,1168.32,97.51,100.00,2400.00,1.3857,63.10,0
34,1241.87,94.97,100.00,2400.00,1.3853,62.60,0
35,1246.68,96.17,100.00,2400.00,1.3858,62.60,0
36,1232.13,94.83,100.00,2400.00,1.3864,62.00,0
37,1224.53,95.92,100.00,2400.00,1.386,63.10,0
38,1176.17,96.33,100.00,2400.00,1.3863,62.60,0
39,1217.81,95.33,100.00,2400.00,1.3868,63.10,0
40,1247.38,94.65,100.00,2400.00,1.3868,62.60,0
41,1196.05,96.68,100.00,2400.00,1.3865,62.60,0
42,1214.16,95.37,100.00,2400.00,1.3875,62.60,0
43,1228.05,94.89,100.00,2400.00,1.387,62.60,0
44,1190.14,96.31,100.00,2400.00,1.3843,63.70,0
45,1208.09,95.59,100.00,2400.00,1.3848,63.10,0
46,1257.24,94.88,100.00,2400.00,1.3851,63.10,0
47,1170.81,96.67,100.00,2400.00,1.3858,63.10,0
48,1187.22,95.66,100.00,2400.00,1.3856,63.10,0
49,1218.41,95.51,100.00,2400.00,1.3864,63.10,0
50,1202.44,96.80,100.00,2400.00,1.3838,63.10,0
51,1191.93,95.97,100.00,2400.00,1.3844,63.10,0
52,1164.59,97.25,100.00,2400.00,1.3847,63.10,0
53,1207.76,95.69,100.00,2400.00,1.3854,63.10,0
54,1191.97,96.18,100.00,2400.00,1.3856,63.10,0
55,1212.78,97.32,100.00,2400.00,1.3865,63.70,0
56,1239.89,96.35,100.00,2400.00,1.3864,63.70,0
57,1254.85,95.63,100.00,2400.00,1.3874,63.70,0
58,1251.01,95.69,100.00,2400.00,1.3865,63.10,0
59,1247.96,94.35,100.00,2400.00,1.3852,63.10,0
60,1247.58,96.31,100.00,2400.00,1.3839,63.10,0
61,1211.47,95.38,100.00,2400.00,1.3849,63.10,0
62,1210.70,96.02,100.00,2400.00,1.3858,63.10,0
63,1239.86,96.65,100.00,2400.00,1.3863,63.70,0
64,1168.35,95.44,100.00,2400.00,1.385,63.70,0
65,1175.83,96.74,100.00,2400.00,1.3854,63.70,0
66,1223.70,95.63,100.00,2400.00,1.3839,63.70,0
67,1200.30,96.00,100.00,2400.00,1.3848,63.70,0
68,1209.65,97.31,100.00,2400.00,1.3848,63.70,0
69,1196.45,95.96,100.00,2400.00,1.3857,63.70,0
70,1207.30,96.00,100.00,2400.00,1.3853,63.10,0
71,1202.60,94.97,100.00,2400.00,1.3847,63.70,0
72,1167.08,96.09,100.00,2400.00,1.3856,63.70,0
73,1247.20,95.27,100.00,2400.00,1.3862,63.70,0
74,1206.34,96.60,100.00,2400.00,1.3846,64.20,0
75,1175.21,96.63,100.00,2400.00,1.386,63.70,0
76,1230.36,96.44,100.00,2400.00,1.3863,63.70,0
77,1192.67,95.87,100.00,2400.00,1.3843,64.20,0
78,1198.37,95.92,100.00,2400.00,1.3838,64.20,0
79,1179.79,97.15,100.00,2400.00,1.3843,64.20,0
80,1204.83,96.17,100.00,2400.00,1.3842,64.20,0
81,1217.29,94.74,100.00,2400.00,1.3849,63.70,0
82,1182.99,96.79,100.00,2400.00,1.3845,64.20,0
83,1209.82,95.75,100.00,2400.00,1.3849,64.20,0
84,1243.58,96.40,100.00,2400.00,1.3844,64.80,0
85,1183.72,94.87,100.00,2400.00,1.385,63.70,0
86,1187.41,96.16,100.00,2400.00,1.3843,64.20,0
87,1206.75,95.77,100.00,2400.00,1.3847,64.20,0
88,1200.65,96.79,100.00,2400.00,1.3849,63.70,0
89,1195.79,95.25,100.00,2400.00,1.3853,64.20,0
90,1225.05,94.36,100.00,2400.00,1.3839,64.80,0
91,1177.65,96.93,100.00,2400.00,1.3843,64.20,0
92,1186.05,97.01,100.00,2400.00,1.3846,64.80,0
93,1195.41,95.02,100.00,2400.00,1.3852,64.80,0
94,1210.31,94.98,100.00,2400.00,1.3851,64.20,0
95,1154.88,95.45,100.00,2400.00,1.3843,64.20,0
96,1245.60,97.03,100.00,2400.00,1.3833,64.20,0
97,1220.53,96.57,100.00,2400.00,1.384,63.70,0
98,1162.69,96.17,100.00,2400.00,1.3841,64.20,0
99,1263.59,94.73,100.00,2400.00,1.385,65.30,0
100,1234.64,96.82,100.00,2400.00,1.3847,64.20,0
101,1224.75,95.97,100.00,2400.00,1.3844,64.80,0
102,1187.05,96.69,100.00,2400.00,1.382,64.80,0
103,1211.40,95.86,100.00,2400.00,1.3837,64.80,0
104,1226.91,95.90,100.00,2400.00,1.3839,64.80,0
105,1232.76,95.90,100.00,2400.00,1.3837,64.80,0
106,1194.90,96.76,100.00,2400.00,1.3821,64.20,0
107,1194.85,96.97,100.00,2400.00,1.3831,64.80,0
108,1179.84,95.66,100.00,2400.00,1.3843,64.20,0
109,1189.97,96.12,100.00,2400.00,1.3845,64.80,0
110,1234.58,95.80,100.00,2400.00,1.3848,64.20,0
111,1205.43,97.29,100.00,2400.00,1.3846,64.20,0
112,1220.28,97.01,100.00,2400.00,1.3847,64.20,0
113,1204.94,95.64,100.00,2400.00,1.3844,64.80,0
114,1238.25,96.67,100.00,2400.00,1.3837,65.30,0
115,1186.26,96.12,100.00,2400.00,1.3844,65.30,0
116,1196.49,95.13,100.00,2400.00,1.3839,64.20,0
117,1171.01,95.07,100.00,2400.00,1.3839,64.80,0
118,1236.62,96.01,100.00,2400.00,1.3829,65.30,0
119,1174.19,95.62,100.00,2400.00,1.384,64.80,0
120,1229.49,95.62,100.00,2400.00,1.3839,64.80,0
121,1179.11,95.17,100.00,2400.00,1.3845,64.80,0
122,1209.86,95.97,100.00,2400.00,1.3841,65.30,0
123,1196.81,95.73,100.00,2400.00,1.3837,65.30,0
124,1209.90,95.35,100.00,2400.00,1.3842,65.30,0
125,1161.35,96.82,100.00,2400.00,1.3837,64.80,0
126,1236.27,95.17,100.00,2400.00,1.3837,64.80,0
127,1191.97,97.11,100.00,2400.00,1.3848,65.30,0
128,1257.25,94.69,100.00,2400.00,1.3849,64.80,0
129,1226.19,94.82,100.00,2400.00,1.386,64.20,0
130,1228.03,96.09,100.00,2400.00,1.3849,64.80,0
131,1199.93,96.59,100.00,2400.00,1.3851,64.80,0
132,1191.58,96.11,100.00,2400.00,1.3837,64.80,0
133,1195.70,96.43,100.00,2400.00,1.3853,64.80,0
134,1161.29,95.63,100.00,2400.00,1.3843,65.30,0
135,1172.29,95.33,100.00,2400.00,1.3841,65.30,0
136,1189.17,96.07,100.00,2400.00,1.3829,65.30,0
137,1241.10,96.02,100.00,2400.00,1.383,65.30,0
138,1220.59,96.49,100.00,2400.00,1.383,65.30,0
139,1223.92,94.91,100.00,2400.00,1.3833,65.30,0
140,1173.50,96.38,100.00,2400.00,1.3845,65.30,0
141,1155.96,96.26,100.00,2400.00,1.3848,65.30,0
142,1230.70,95.72,100.00,2400.00,1.3842,64.80,0
143,1175.21,94.91,100.00,2400.00,1.3841,65.30,0
144,1217.84,94.16,100.00,2400.00,1.3832,64.80,0
145,1206.94,95.86,100.00,2400.00,1.3831,65.30,0
146,1226.05,95.80,100.00,2400.00,1.3805,64.80,0
147,1195.19,96.90,100.00,2400.00,1.3819,65.30,0
148,1172.46,96.75,100.00,2400.00,1.3831,65.30,0
149,1241.85,96.14,100.00,2400.00,1.384,65.30,0
150,1182.14,96.60,100.00,2400.00,1.3824,65.30,0
151,1220.82,95.20,100.00,2400.00,1.3838,65.30,0
152,1194.90,96.00,100.00,2400.00,1.3838,64.80,0
153,1247.76,95.85,100.00,2400.00,1.3843,64.80,0
154,1215.78,95.25,100.00,2400.00,1.3836,64.80,0
155,1193.17,96.62,100.00,2400.00,1.3841,65.30,0
156,1187.54,95.48,100.00,2400.00,1.3844,65.30,0
157,1240.22,96.42,100.00,2400.00,1.3836,65.90,0
158,1209.26,96.07,100.00,2400.00,1.3832,65.30,0
159,1211.61,96.97,100.00,2400.00,1.3834,65.30,0
160,1190.36,96.14,100.00,2400.00,1.3834,65.30,0
161,1217.43,94.08,100.00,2400.00,1.3844,65.30,0
162,1226.11,96.36,100.00,2400.00,1.3843,65.90,0
163,1178.86,97.61,100.00,2400.00,1.3842,65.30,0
164,1242.54,96.24,100.00,2400.00,1.3839,65.30,0
165,1226.53,94.64,100.00,2400.00,1.381,64.80,0
166,1199.14,94.93,100.00,2400.00,1.3843,65.30,0
167,1160.42,96.69,100.00,2400.00,1.3845,65.30,0
168,1173.06,96.12,100.00,2400.00,1.3851,65.30,0
169,1217.97,96.01,100.00,2400.00,1.3849,65.30,0
170,1182.18,96.78,100.00,2400.00,1.3835,65.90,0
171,1224.61,95.27,100.00,2400.00,1.3842,65.30,0
172,1180.49,96.76,100.00,2400.00,1.384,65.30,0
173,1213.68,95.46,100.00,2400.00,1.3836,65.90,0
174,1191.80,96.67,100.00,2400.00,1.3844,65.30,0
175,1186.53,95.58,100.00,2400.00,1.385,65.30,0
176,1233.26,95.02,100.00,2400.00,1.3848,65.30,0
177,1243.30,95.16,100.00,2400.00,1.3857,65.30,0
178,1222.91,97.09,100.00,2400.00,1.3854,65.30,0
179,1231.78,96.42,100.00,2400.00,1.3853,65.30,0
180,1213.41,96.74,100.00,2400.00,1.3849,65.30,0
181,1245.02,95.80,100.00,2400.00,1.3852,65.30,0
182,1204.00,96.79,100.00,2400.00,1.3836,65.30,0
183,1208.01,96.66,100.00,2400.00,1.3847,65.30,0
184,1194.42,95.07,100.00,2400.00,1.3848,65.30,0
185,1194.05,96.72,100.00,2400.00,1.3849,65.90,0
186,1197.96,96.59,100.00,2400.00,1.3839,65.30,0
187,1201.23,95.74,100.00,2400.00,1.3843,65.30,0
188,1195.59,96.32,100.00,2400.00,1.3847,65.90,0
189,1227.15,94.74,100.00,2400.00,1.3856,65.30,0
190,1152.62,96.90,100.00,2400.00,1.3845,65.90,0
191,1230.84,96.48,100.00,2400.00,1.3843,65.90,0
192,1196.54,96.03,100.00,2400.00,1.3846,65.30,0
193,1209.70,96.27,100.00,2400.00,1.3851,65.90,0
194,1240.86,95.58,100.00,2400.00,1.3839,65.30,0
195,1209.41,95.20,100.00,2400.00,1.3842,65.90,0
196,1193.56,96.25,100.00,2400.00,1.3838,65.90,0
197,1234.77,96.04,100.00,2400.00,1.3846,65.30,0
198,1230.95,96.06,100.00,2400.00,1.3846,65.90,0
199,1227.55,95.64,100.00,2400.00,1.3848,65.90,0
200,1207.26,96.81,100.00,2400.00,1.3848,65.30,0
201,1181.80,96.69,100.00,2400.00,1.3852,66.40,0
202,1263.44,96.20,100.00,2400.00,1.3851,65.30,0
203,1186.05,96.76,100.00,2400.00,1.3852,65.30,0
204,1191.68,97.57,100.00,2400.00,1.3842,65.90,0
205,1208.20,95.98,100.00,2400.00,1.3847,65.90,0
206,1192.10,96.99,100.00,2400.00,1.3841,66.40,0
207,1191.44,95.00,100.00,2400.00,1.382,65.90,0
208,1204.41,94.51,100.00,2400.00,1.3828,65.30,0
209,1181.28,95.68,100.00,2400.00,1.3832,65.30,0
210,1237.53,95.79,100.00,2400.00,1.3849,65.90,0
211,1159.41,96.11,100.00,2400.00,1.3846,65.90,0
212,1197.75,94.45,100.00,2400.00,1.3838,65.90,0
213,1198.32,96.33,100.00,2400.00,1.3843,65.30,0
214,1241.64,97.31,100.00,2400.00,1.3834,65.90,0
215,1247.59,95.55,100.00,2400.00,1.382,65.30,0
216,1220.54,94.82,100.00,2400.00,1.3847,65.90,0
217,1234.58,95.45,100.00,2400.00,1.3844,65.30,0
218,1185.52,96.40,100.00,2400.00,1.3839,65.90,0
219,1209.28,95.00,100.00,2400.00,1.3845,66.40,0
220,1192.89,96.57,100.00,2400.00,1.3855,65.90,0
221,1219.17,95.11,100.00,2400.00,1.3851,65.30,0
222,1211.27,96.19,100.00,2400.00,1.3853,65.90,0
223,1237.58,96.62,100.00,2400.00,1.3859,65.90,0
224,1194.17,96.94,100.00,2400.00,1.3849,65.90,0
225,1192.03,96.29,100.00,2400.00,1.385,66.40,0
226,1177.41,97.37,100.00,2400.00,1.3836,65.90,0
227,1195.46,96.47,100.00,2400.00,1.3851,66.40,0
228,1244.27,95.82,100.00,2400.00,1.3842,65.90,0
229,1215.34,96.79,100.00,2400.00,1.3839,65.90,0
230,1217.44,96.14,100.00,2400.00,1.384,65.90,0
231,1185.53,95.89,100.00,2400.00,1.3834,65.90,0
232,1235.01,96.23,100.00,2400.00,1.3853,65.30,0
233,1191.48,95.19,100.00,2400.00,1.3858,65.30,0
234,1203.36,95.62,100.00,2400.00,1.3844,65.90,0
235,1195.78,96.26,100.00,2400.00,1.3848,65.90,0
236,1188.54,95.25,100.00,2400.00,1.3851,65.90,0
237,1213.58,95.71,100.00,2400.00,1.3849,65.90,0
238,1202.44,96.52,100.00,2400.00,1.3844,65.90,0
239,1198.80,95.58,100.00,2400.00,1.3847,66.40,0
240,1250.53,95.85,100.00,2400.00,1.3846,65.90,0
241,1245.75,94.81,100.00,2400.00,1.3848,65.90,0
242,1218.57,95.86,100.00,2400.00,1.3839,65.90,0
243,1194.70,96.00,100.00,2400.00,1.3847,65.30,0
244,1159.15,95.96,100.00,2400.00,1.3857,66.40,0
245,1183.44,96.88,100.00,2400.00,1.3864,65.90,0
246,1223.41,95.22,100.00,2400.00,1.385,66.40,0
247,1173.75,95.61,100.00,2400.00,1.3848,66.40,0
248,1212.58,96.73,100.00,2400.00,1.3851,65.90,0
249,1168.58,96.25,100.00,2400.00,1.3852,65.90,0
250,1214.69,96.97,100.00,2400.00,1.3845,65.90,0
251,1217.49,95.39,100.00,2400.00,1.3849,66.40,0
252,1172.13,95.74,100.00,2400.00,1.3849,65.90,0
253,1222.14,96.25,100.00,2400.00,1.3854,65.90,0
254,1192.09,95.86,100.00,2400.00,1.3864,65.90,0
255,1242.39,96.10,100.00,2400.00,1.3864,65.90,0
256,1218.36,95.68,100.00,2400.00,1.3844,66.40,0
257,1199.29,96.32,100.00,2400.00,1.3832,66.40,0
258,1219.27,95.81,100.00,2400.00,1.3835,66.40,0
259,1232.20,96.14,100.00,2400.00,1.3843,66.40,0
260,1237.83,96.27,100.00,2400.00,1.3851,66.40,0
261,1244.61,96.32,100.00,2400.00,1.3851,65.90,0
262,1204.99,95.92,100.00,2400.00,1.3848,66.40,0
263,1186.74,96.16,100.00,2400.00,1.3855,65.90,0
264,1190.18,96.95,100.00,2400.00,1.3835,65.90,0
265,1216.51,96.47,100.00,2400.00,1.3843,65.90,0
266,1242.48,96.17,100.00,2400.00,1.3829,65.30,0
267,1216.77,96.11,100.00,2400.00,1.3838,67.00,0
268,1220.95,96.22,100.00,2400.00,1.3828,65.90,0
269,1233.51,95.61,100.00,2400.00,1.3834,65.90,0
270,1204.91,96.09,100.00,2400.00,1.3837,67.00,0
271,1219.91,96.56,100.00,2400.00,1.3842,66.40,0
272,1235.61,96.29,100.00,2400.00,1.3841,65.90,0
273,1180.91,96.11,100.00,2400.00,1.3844,67.00,0
274,1223.58,95.59,100.00,2400.00,1.3832,66.40,0
275,1249.91,96.44,100.00,2400.00,1.384,66.40,0
276,1239.07,96.15,100.00,2400.00,1.387,65.90,0
277,1172.80,96.53,100.00,2400.00,1.3878,67.50,0
278,1219.12,96.51,100.00,2400.00,1.3874,65.90,0
279,1240.01,96.46,100.00,2400.00,1.3874,66.40,0
280,1207.35,96.27,100.00,2400.00,1.3851,65.90,0
281,1163.37,95.72,100.00,2400.00,1.3855,66.40,0
282,1216.60,96.00,100.00,2400.00,1.3857,65.90,0
283,1169.21,96.27,100.00,2400.00,1.3852,65.90,0
284,1214.99,96.62,100.00,2400.00,1.3843,66.40,0
285,1202.42,97.07,100.00,2400.00,1.3841,66.40,0
286,1177.70,97.04,100.00,2400.00,1.384,66.40,0
287,1241.83,95.84,100.00,2400.00,1.3852,65.90,0
288,1199.50,96.72,100.00,2400.00,1.3842,66.40,0
289,1177.64,96.34,100.00,2400.00,1.3846,66.40,0
290,1173.93,95.77,100.00,2400.00,1.3853,66.40,0
291,1207.18,95.83,100.00,2400.00,1.3864,66.40,0
292,1206.10,96.61,100.00,2400.00,1.3863,66.40,0
293,1196.06,95.65,100.00,2400.00,1.3869,65.90,0
294,1192.67,96.07,100.00,2400.00,1.3858,66.40,0
295,1210.62,95.23,100.00,2400.00,1.3857,66.40,0
296,1215.44,95.41,100.00,2400.00,1.3849,65.90,0
297,1207.45,96.16,100.00,2400.00,1.3857,66.40,0
298,1211.11,95.28,100.00,2400.00,1.3849,66.40,0
299,1194.26,98.01,100.00,2400.00,1.3853,67.00,0
300,1229.80,95.63,100.00,2400.00,1.384,66.40,0
301,1217.04,95.45,100.00,2400.00,1.3849,66.40,0
302,1187.58,95.37,100.00,2400.00,1.3848,65.90,0
303,1247.27,96.16,100.00,2400.00,1.3851,66.40,0
304,1231.47,96.61,100.00,2400.00,1.3841,66.40,0
305,1229.97,94.64,100.00,2400.00,1.3849,66.40,0
306,1230.91,96.15,100.00,2400.00,1.385,65.90,0
307,1215.40,96.61,100.00,2400.00,1.3849,66.40,0
308,1289.56,93.93,100.00,2400.00,1.3841,66.40,0
309,1765.32,91.22,100.00,2400.00,1.3893,65.30,0
310,1509.13,92.57,100.00,2400.00,1.3869,65.30,0
311,1231.66,95.38,100.00,2400.00,1.3875,65.30,0
312,1188.02,96.27,100.00,2400.00,1.3875,65.90,0
313,1296.31,94.68,100.00,2400.00,1.3878,65.30,0
314,1262.74,94.85,100.00,2400.00,1.3872,65.90,0
315,1193.15,95.35,100.00,2400.00,1.3873,66.40,0
316,1378.41,95.39,100.00,2400.00,1.3878,66.40,0
317,1267.11,96.36,100.00,2400.00,1.3873,66.40,0
318,1402.94,92.50,100.00,2400.00,1.3848,65.30,0
319,1182.50,95.30,100.00,2400.00,1.3857,67.00,0
320,1206.68,94.90,100.00,2400.00,1.3876,65.90,0
321,1212.20,94.60,100.00,2400.00,1.3866,65.90,0
322,1414.89,93.38,100.00,2400.00,1.3863,65.90,0
323,1291.74,95.35,100.00,2400.00,1.3877,67.00,0
324,1301.17,94.93,100.00,2400.00,1.387,66.40,0
325,1241.41,95.25,100.00,2400.00,1.3885,65.90,0
326,1508.16,92.02,100.00,2400.00,1.3881,65.90,0
327,1324.73,95.31,100.00,2400.00,1.388,66.40,0
328,1327.13,93.09,100.00,2400.00,1.3874,65.30,0
329,1249.87,95.85,100.00,2400.00,1.3882,65.90,0
330,1266.57,94.78,100.00,2400.00,1.3862,65.90,0
331,1264.89,95.45,100.00,2400.00,1.3856,65.90,0
332,1236.89,96.54,100.00,2400.00,1.3855,65.90,0
333,1258.89,95.38,100.00,2400.00,1.3858,66.40,0
334,1198.32,95.38,100.00,2400.00,1.3852,66.40,0
335,1238.74,95.23,100.00,2400.00,1.3861,66.40,0
336,1264.08,95.68,100.00,2400.00,1.3841,66.40,0
337,1386.19,93.50,100.00,2400.00,1.385,65.90,0
338,1236.76,94.53,100.00,2400.00,1.385,65.90,0
339,1168.25,96.19,100.00,2400.00,1.385,66.40,0
340,1470.47,91.19,100.00,2400.00,1.3862,65.90,0
341,1335.78,94.16,100.00,2400.00,1.3872,65.90,0
342,1267.07,93.83,100.00,2400.00,1.3871,65.90,0
343,1280.47,93.92,100.00,2400.00,1.3878,65.90,0
344,1251.52,94.89,100.00,2400.00,1.3866,66.40,0
345,1231.65,94.91,100.00,2400.00,1.3864,65.30,0
346,1277.94,94.47,100.00,2400.00,1.3856,65.90,0
347,1260.94,94.15,100.00,2400.00,1.3864,65.90,0
348,1195.16,96.01,100.00,2400.00,1.3853,66.40,0
349,1246.27,95.84,100.00,2400.00,1.3865,66.40,0
350,1257.92,94.56,100.00,2400.00,1.3865,65.90,0
351,1245.27,95.74,100.00,2400.00,1.3867,66.40,0
352,1240.32,96.51,100.00,2400.00,1.386,66.40,0
353,1236.47,95.70,100.00,2400.00,1.3859,66.40,0
354,1206.02,95.25,100.00,2400.00,1.3847,66.40,0
355,1269.28,94.95,100.00,2400.00,1.386,66.40,0
356,1265.32,95.58,100.00,2400.00,1.3867,66.40,0
357,1212.70,98.08,100.00,2400.00,1.3866,66.40,0
358,1215.49,94.79,100.00,2400.00,1.3851,66.40,0
359,1256.46,94.55,100.00,2400.00,1.3825,65.90,0
360,1200.95,94.75,100.00,2400.00,1.385,66.40,0
361,1233.31,94.58,100.00,2400.00,1.385,66.40,0
362,1178.74,96.98,100.00,2400.00,1.3847,66.40,0
363,1250.72,95.26,100.00,2400.00,1.3848,67.00,0
364,1202.02,94.99,100.00,2400.00,1.3838,66.40,0
365,1246.91,95.45,100.00,2400.00,1.3846,66.40,0
366,1238.57,96.95,100.00,2400.00,1.3846,66.40,0
367,1267.62,95.67,100.00,2400.00,1.3849,65.90,0
368,1256.99,95.67,100.00,2400.00,1.3829,66.40,0
369,1227.22,94.29,100.00,2400.00,1.3836,67.00,0
370,1236.67,96.64,100.00,2400.00,1.3831,67.00,0
371,1270.21,95.92,100.00,2400.00,1.3833,66.40,0
372,1204.73,94.81,100.00,2400.00,1.3825,66.40,0
373,1239.87,97.02,100.00,2400.00,1.3835,66.40,0
374,1210.50,95.75,100.00,2400.00,1.3831,67.00,0
375,1277.23,94.12,100.00,2400.00,1.3833,66.40,0
376,1224.91,96.33,100.00,2400.00,1.384,66.40,0
377,1231.79,94.84,100.00,2400.00,1.3847,65.90,0
378,1234.54,96.54,100.00,2400.00,1.3841,66.40,0
379,1250.90,95.85,100.00,2400.00,1.3842,67.00,0
380,1209.98,95.78,100.00,2400.00,1.383,66.40,0
381,1242.78,95.11,100.00,2400.00,1.3838,66.40,0
382,1220.33,96.96,100.00,2400.00,1.3856,67.50,0
383,1280.21,94.29,100.00,2400.00,1.3862,65.90,0
384,1171.01,96.39,100.00,2400.00,1.3861,67.00,0
385,1199.78,96.34,100.00,2400.00,1.3858,66.40,0
386,1195.45,94.41,100.00,2400.00,1.3857,67.00,0
387,1238.86,96.53,100.00,2400.00,1.387,66.40,0
388,1251.39,94.43,100.00,2400.00,1.3858,66.40,0
389,1256.71,95.68,100.00,2400.00,1.3865,66.40,0
390,1216.12,95.81,100.00,2400.00,1.3857,66.40,0
391,1211.81,94.15,100.00,2400.00,1.3856,66.40,0
392,1234.68,95.47,100.00,2400.00,1.3846,66.40,0
393,1278.22,95.72,100.00,2400.00,1.3853,66.40,0
394,1218.31,95.05,100.00,2400.00,1.3842,67.00,0
395,1240.49,96.48,100.00,2400.00,1.3839,66.40,0
396,1250.36,95.53,100.00,2400.00,1.3834,66.40,0
397,1249.17,94.75,100.00,2400.00,1.3843,65.90,0
398,1248.41,96.13,100.00,2400.00,1.3849,65.90,0
399,1272.19,94.43,100.00,2400.00,1.3844,67.00,0
400,1266.87,95.85,100.00,2400.00,1.384,67.00,0
401,1208.88,95.73,100.00,2400.00,1.3845,67.00,0
402,1234.58,94.35,100.00,2400.00,1.3836,67.00,0
403,1238.11,95.53,100.00,2400.00,1.384,66.40,0
404,1234.97,95.32,100.00,2400.00,1.382,66.40,0
405,1270.53,95.97,100.00,2400.00,1.3824,67.00,0
406,1242.70,96.93,100.00,2400.00,1.3838,67.00,0
407,1174.09,94.67,100.00,2400.00,1.3849,66.40,0
408,1207.03,96.12,100.00,2400.00,1.3827,67.00,0
409,1272.39,94.90,100.00,2400.00,1.3837,66.40,0
410,1219.86,96.01,100.00,2400.00,1.3828,66.40,0
411,1251.34,95.30,100.00,2400.00,1.3839,67.00,0
412,1236.02,96.44,100.00,2400.00,1.3831,67.00,0
413,1187.27,95.97,100.00,2400.00,1.3829,67.00,0
414,1291.02,94.23,100.00,2400.00,1.3832,66.40,0
415,1265.00,94.88,100.00,2400.00,1.3838,66.40,0
416,1234.54,94.76,100.00,2400.00,1.3844,66.40,0
417,1240.87,96.01,100.00,2400.00,1.3846,66.40,0
418,1208.03,95.00,100.00,2400.00,1.3839,67.00,0
419,1211.67,95.97,100.00,2400.00,1.3843,66.40,0
420,1216.51,97.20,100.00,2400.00,1.3844,66.40,0
421,1237.99,95.20,100.00,2400.00,1.3846,67.00,0
422,1259.87,95.61,100.00,2400.00,1.3834,67.00,0
423,1252.01,94.24,100.00,2400.00,1.3833,67.00,0
424,1232.81,96.77,100.00,2400.00,1.384,65.90,0
425,1232.35,96.45,100.00,2400.00,1.3846,66.40,0
426,1274.20,95.36,100.00,2400.00,1.3848,66.40,0
427,1268.10,95.75,100.00,2400.00,1.385,66.40,0
428,1229.58,96.23,100.00,2400.00,1.3845,66.40,0
429,1257.31,95.45,100.00,2400.00,1.3849,65.90,0
430,1209.99,96.36,100.00,2400.00,1.3856,67.00,0
431,1281.71,94.41,100.00,2400.00,1.3851,67.50,0
432,1245.32,96.72,100.00,2400.00,1.3843,67.00,0
433,1237.30,95.51,100.00,2400.00,1.3842,66.40,0
434,1217.97,96.48,100.00,2400.00,1.384,67.50,0
435,1267.98,95.08,100.00,2400.00,1.3843,66.40,0
436,1220.79,95.47,100.00,2400.00,1.384,66.40,0
437,1235.05,96.19,100.00,2400.00,1.3846,67.00,0
438,1202.30,96.03,100.00,2400.00,1.3847,67.00,0
439,1236.13,95.06,100.00,2400.00,1.3839,66.40,0
440,1189.27,96.24,100.00,2400.00,1.3828,67.50,0
441,1231.53,94.77,100.00,2400.00,1.3826,66.40,0
442,1248.71,95.96,100.00,2400.00,1.3832,66.40,0
443,1258.48,94.77,100.00,2400.00,1.3843,66.40,0
444,1185.68,95.16,100.00,2400.00,1.3831,66.40,0
445,1227.59,96.02,100.00,2400.00,1.3842,66.40,0
446,1204.70,97.75,100.00,2400.00,1.3841,67.00,0
447,1252.63,96.24,100.00,2400.00,1.3836,66.40,0
448,1226.94,94.75,100.00,2400.00,1.3848,66.40,0
449,1228.36,94.98,100.00,2400.00,1.385,66.40,0
450,1247.06,95.17,100.00,2400.00,1.3826,66.40,0
451,1256.20,95.71,100.00,2400.00,1.3835,66.40,0
452,1201.81,95.24,100.00,2400.00,1.3837,67.00,0
453,1171.01,96.33,100.00,2400.00,1.3835,67.00,0
454,1257.18,94.62,100.00,2400.00,1.384,66.40,0
455,1242.50,95.36,100.00,2400.00,1.3846,66.40,0
456,1255.43,94.33,100.00,2400.00,1.3828,66.40,0
457,1180.90,96.47,100.00,2400.00,1.3829,67.00,0
458,1231.41,95.29,100.00,2400.00,1.384,67.50,0
459,1266.87,94.61,100.00,2400.00,1.3838,67.00,0
460,1236.01,94.19,100.00,2400.00,1.384,66.40,0
461,1244.18,95.38,100.00,2400.00,1.3838,67.00,0
462,1223.72,95.63,100.00,2400.00,1.3833,66.40,0
463,1253.53,95.13,100.00,2400.00,1.3829,67.00,0
464,1177.29,95.41,100.00,2400.00,1.3826,67.50,0
465,1248.58,95.81,100.00,2400.00,1.3831,66.40,0
466,1274.61,94.69,100.00,2400.00,1.3833,66.40,0
467,1269.36,95.49,100.00,2400.00,1.3832,67.00,0
468,1266.89,94.36,100.00,2400.00,1.3834,66.40,0
469,1224.59,95.82,100.00,2400.00,1.3844,67.00,0
470,1246.01,96.43,100.00,2400.00,1.3825,67.00,0
471,1240.95,95.67,100.00,2400.00,1.3832,66.40,0
472,1243.56,95.91,100.00,2400.00,1.3828,67.00,0
473,1213.50,95.78,100.00,2400.00,1.3835,67.00,0
474,1215.39,97.36,100.00,2400.00,1.3839,67.50,0
475,1215.32,96.21,100.00,2400.00,1.384,66.40,0
476,1231.74,96.67,100.00,2400.00,1.3833,67.00,0
477,1249.55,95.62,100.00,2400.00,1.3838,67.00,0
478,1224.13,94.84,100.00,2400.00,1.384,66.40,0
479,1263.95,96.54,100.00,2400.00,1.3845,66.40,0
480,1243.26,95.70,100.00,2400.00,1.3836,67.00,0
481,1231.38,95.51,100.00,2400.00,1.3844,67.00,0
482,1236.99,94.85,100.00,2400.00,1.383,66.40,0
483,1232.30,95.15,100.00,2400.00,1.3833,67.00,0
484,1240.71,94.55,100.00,2400.00,1.3829,66.40,0
485,1254.29,95.22,100.00,2400.00,1.3833,66.40,0
486,1198.12,95.48,100.00,2400.00,1.3836,67.50,0
487,1247.05,94.40,100.00,2400.00,1.3839,66.40,0
488,1250.10,96.44,100.00,2400.00,1.3843,66.40,0
489,1211.36,96.28,100.00,2400.00,1.3841,67.00,0
490,1240.34,95.19,100.00,2400.00,1.3831,67.00,0
491,1233.10,94.43,100.00,2400.00,1.3829,67.00,0
492,1235.69,96.20,100.00,2400.00,1.3833,66.40,0
493,1208.82,96.15,100.00,2400.00,1.3833,66.40,0
494,1247.50,95.71,100.00,2400.00,1.3838,66.40,0
495,1258.83,96.00,100.00,2400.00,1.3809,66.40,0
496,1229.71,94.47,100.00,2400.00,1.3837,66.40,0
497,1255.08,96.01,100.00,2400.00,1.3815,66.40,0
498,1229.31,94.07,100.00,2400.00,1.3856,67.00,0
499,1266.39,95.47,100.00,2400.00,1.3861,67.00,0
500,1206.36,95.41,100.00,2400.00,1.3845,66.40,0
501,1223.36,95.23,100.00,2400.00,1.3844,66.40,0
502,1262.97,95.16,100.00,2400.00,1.3848,67.00,0
503,1220.10,95.44,100.00,2400.00,1.3844,67.50,0
504,1220.44,95.09,100.00,2400.00,1.3849,66.40,0
505,1245.61,95.59,100.00,2400.00,1.3853,66.40,0
506,1248.51,94.74,100.00,2400.00,1.3835,65.90,0
507,1177.97,95.30,100.00,2400.00,1.3832,67.50,0
508,1245.73,94.15,100.00,2400.00,1.3829,66.40,0
509,1199.94,96.02,100.00,2400.00,1.3832,66.40,0
510,1220.92,96.03,100.00,2400.00,1.3829,67.00,0
511,1254.19,95.77,100.00,2400.00,1.3837,67.50,0
512,1245.79,95.49,100.00,2400.00,1.3834,67.00,0
513,1264.24,95.87,100.00,2400.00,1.3838,66.40,0
514,1205.67,94.98,100.00,2400.00,1.3843,67.00,0
515,1243.88,97.04,100.00,2400.00,1.3814,67.00,0
516,1251.24,93.84,100.00,2400.00,1.3829,67.00,0
517,1255.02,96.96,100.00,2400.00,1.383,67.00,0
518,1222.06,96.29,100.00,2400.00,1.3826,67.50,0
519,1268.30,96.01,100.00,2400.00,1.3836,66.40,0
520,1234.79,96.56,100.00,2400.00,1.3836,66.40,0
521,1207.04,96.17,100.00,2400.00,1.3839,67.00,0
522,1184.72,95.86,100.00,2400.00,1.3831,67.00,0
523,1193.31,96.29,100.00,2400.00,1.3833,67.00,0
524,1278.05,94.43,100.00,2400.00,1.3824,67.50,0
525,1219.56,95.89,100.00,2400.00,1.3832,66.40,0
526,1248.37,95.35,100.00,2400.00,1.3847,66.40,0
527,1203.75,94.30,100.00,2400.00,1.3853,67.00,0
528,1258.69,95.55,100.00,2400.00,1.3842,67.00,0
529,1245.41,95.69,100.00,2400.00,1.3848,67.00,0
530,1277.81,95.45,100.00,2400.00,1.3849,66.40,0
531,1201.84,96.58,100.00,2400.00,1.3847,66.40,0
532,1268.79,95.82,100.00,2400.00,1.3854,67.50,0
533,1236.97,95.67,100.00,2400.00,1.3855,66.40,0
534,1221.34,94.49,100.00,2400.00,1.3845,66.40,0
535,1271.32,96.14,100.00,2400.00,1.3837,66.40,0
536,1255.57,94.68,100.00,2400.00,1.3838,66.40,0
537,1250.30,96.11,100.00,2400.00,1.3845,66.40,0
538,1227.38,93.88,100.00,2400.00,1.3834,67.00,0
539,1229.03,95.49,100.00,2400.00,1.3836,67.00,0
540,1228.57,95.71,100.00,2400.00,1.3832,67.00,0
541,1243.59,95.92,100.00,2400.00,1.3835,67.00,0
542,1226.69,93.84,100.00,2400.00,1.3835,67.00,0
543,1232.72,95.36,100.00,2400.00,1.384,67.00,0
544,1226.81,97.07,100.00,2400.00,1.3836,66.40,0
545,1222.41,93.77,100.00,2400.00,1.3837,67.00,0
546,1208.03,94.61,100.00,2400.00,1.3846,67.00,0
547,1250.89,96.57,100.00,2400.00,1.3844,67.00,0
548,1220.93,95.29,100.00,2400.00,1.3837,66.40,0
549,1192.33,97.07,100.00,2400.00,1.3841,67.00,0
550,1281.11,94.35,100.00,2400.00,1.384,67.00,0
551,1225.08,95.44,100.00,2400.00,1.3842,67.00,0
552,1248.42,95.44,100.00,2400.00,1.3837,67.50,0
553,1188.97,96.08,100.00,2400.00,1.3831,67.50,0
554,1193.37,95.16,100.00,2400.00,1.3827,67.00,0
555,1277.30,95.21,100.00,2400.00,1.3825,67.00,0
556,1273.00,95.09,100.00,2400.00,1.3823,66.40,0
557,1199.17,96.53,100.00,2400.00,1.3827,67.00,0
558,1200.52,95.39,100.00,2400.00,1.3812,67.50,0
559,1245.38,95.40,100.00,2400.00,1.3817,67.00,0
560,1212.88,95.82,100.00,2400.00,1.3815,66.40,0
561,1198.12,94.50,100.00,2400.00,1.3826,67.00,0
562,1211.57,95.80,100.00,2400.00,1.3824,67.00,0
563,1299.42,95.19,100.00,2400.00,1.384,67.00,0
564,1215.58,96.82,100.00,2400.00,1.3836,67.00,0
565,1182.25,95.59,100.00,2400.00,1.3842,67.00,0
566,1237.44,95.21,100.00,2400.00,1.3834,67.00,0
567,1248.81,94.15,100.00,2400.00,1.3843,67.00,0
568,1218.41,95.62,100.00,2400.00,1.3837,67.00,0
569,1207.91,95.22,100.00,2400.00,1.3836,67.00,0
570,1219.81,95.45,100.00,2400.00,1.3843,67.00,0
571,1251.93,95.03,100.00,2400.00,1.3848,66.40,0
572,1221.32,94.86,100.00,2400.00,1.3843,66.40,0
573,1222.78,96.93,100.00,2400.00,1.3837,66.40,0
574,1247.73,94.96,100.00,2400.00,1.3831,67.00,0
575,1279.85,95.58,100.00,2400.00,1.3844,66.40,0
576,1213.59,96.21,100.00,2400.00,1.3855,67.00,0
577,1224.08,95.92,100.00,2400.00,1.3856,67.00,0
578,1234.58,96.75,100.00,2400.00,1.3851,66.40,0
579,1242.12,96.51,100.00,2400.00,1.386,67.00,0
580,1234.11,96.06,100.00,2400.00,1.3858,67.00,0
581,1254.51,95.78,100.00,2400.00,1.3862,67.50,0
582,1213.74,95.36,100.00,2400.00,1.3853,67.00,0
583,1276.98,94.41,100.00,2400.00,1.3841,66.40,0
584,1184.39,97.08,100.00,2400.00,1.3828,67.50,0
585,1240.09,95.89,100.00,2400.00,1.3827,66.40,0
586,1227.41,95.59,100.00,2400.00,1.3832,67.00,0
587,1271.62,94.96,100.00,2400.00,1.3834,66.40,0
588,1225.81,96.49,100.00,2400.00,1.3825,67.50,0
589,1213.76,95.96,100.00,2400.00,1.3832,66.40,0
590,1232.83,96.43,100.00,2400.00,1.383,67.00,0
591,1210.21,95.41,100.00,2400.00,1.3831,67.00,0
592,1215.65,95.53,100.00,2400.00,1.3827,67.50,0
593,1265.09,95.26,100.00,2400.00,1.3828,67.50,0
594,1232.07,94.70,100.00,2400.00,1.3833,67.00,0
595,1255.43,95.22,100.00,2400.00,1.3842,66.40,0
